5907
5908
5916
5917
5920
5921
5924
5957
5960
5974
5976
6028
6032
6040
6041
6043
6046
6058
6070
6087
6102
6112
6121
6134
6161
6170
6183
6192
6202
6205
6207
6226
6231
6241
6265
6267
6274
6276
6293
6306
6310
6311
6316
6321
6325
6347
6381
6409
6419
6478
6485
6486
6489
6494
6503
6515
6522
6529
6543
6552
6560
6561
6574
6580
6627
6642
6644
6648
6649
6661
6676
6724
6725
6728
6740
6747
6752
6775
6777
6781
6791
6794
6797
6798
6804
6829
6841
6852
6854
6861
6862
6879
6883
6886
6887
6890
6893
6895
6902
6907
6919
6934
6960
6994
7001
7002
7011
7042
7053
7054
7074
7104
7158
7184
7186
7188
7192
7194
7198
7207
7217
7228
7240
7258
7264
7269
7287
7289
7290
7317
7319
7327
7329
7334
7335
7342
7347
7354
7368
7396
7399
7400
7401
7408
7412
7435
7445
7447
7454
7479
7483
7495
7505
7513
7515
7525
7547
7557
7579
7582
7585
7594
7601
7607
7611
7612
7613
7614
7615
7616
7621
7632
7667
7672
7683
7721
7734
7740
7742
7752
7763
7764
7773
7806
7823
7824
7832
7858
7862
7869
7885
7899
7909
7933
7939
7947
7959
7962
7977
7980
8007
8013
8027
8033
8037
8040
8043
8052
8059
8097
8101
8121
8129
8137
8151
8154
8156
8171
8182
8193
8205
8211
8228
8230
8253
8264
8265
8267
8269
8282
8283
8311
8317
8325
8327
8329
8364
8382
8392
8402
8405
8431
8434
8441
8442
8444
8453
8467
8474
8485
8500
8525
8536
8543
8545
8546
8548
8550
8558
8568
8576
8603
8605
8606
8619
8632
8638
8655
8662
8674
8691
8700
8703
8705
8711
8723
8740
8741
8751
8755
8791
8794
8818
8821
8832
8840
8851
8870
8879
8888
8890
8893
8905
8939
8959
8960
8986
8994
9022
9048
9051
9065
9070
9073
9094
9098
9101
9104
9129
9132
9142
9160
9171
9178
9181
9195
9201
9205
9211
9216
9220
9224
9234
9253
9254
9262
9264
9269
9279
9283
9291
9296
9306
9308
9332
9337
9351
9356
9362
9380
9410
9417
9432
9441
9445
9449
9459
9460
9464
9469
9481
9483
9484
9494
9507
9519
9544
9559
9579
9580
9607
9625
9663
9683
9688
9689
9701
9707
9722
9727
9734
9736
9739
9764
9777
9778
9781
9806
9810
9827
9839
9853
9864
9865
9866
9882
9886
9896
9898
9947
9972
9974
9976
9979
9990
9991
9998
10003
10009
10010
10016
10029
10030
10035
10044
10050
10076
10080
10105
10107
10109
10119
10132
10145
10147
10157
10158
10159
10169
10177
10204
10239
10245
10252
10261
10269
10285
10300
10310
10314
10330
10347
10354
10376
10380
10389
10396
10401
10428
10454
10525
10526
10540
10562
10563
10566
10580
10593
10595
10628
10633
10648
10652
10656
10660
10684
10686
10688
10692
10696
10702
10705
10710
10726
10745
10752
10758
10759
10763
10770
10777
10793
10795
10815
10829
10837
10845
10846
10884
10898
10901
10902
10914
10915
10918
10924
10926
10942
10954
10963
10978
10983
10986
10995
10999
11002
11011
11012
11021
11053
11060
11069
11074
11110
11112
11115
11126
11139
11142
11150
11154
11157
11164
11169
11188
11192
11202
11242
11254
11269
11279
11284
11290
11291
11292
11304
11319
11323
11334
11354
11355
11359
11362
11387
11398
11401
11431
11432
11439
11441
11446
11461
11462
11464
11469
11470
11490
11496
11511
11514
11520
11523
11564
11565
11581
11584
11595
11613
11623
11628
11656
11657
11662
11686
11691
11714
11716
11720
11741
11756
11766
11772
11774
11775
11807
11810
11815
11817
11818
11819
11822
11825
11826
11827
11832
11839
11872
11899
11903
11918
11919
11929
11946
11958
11963
11969
11978
11980
11991
11994
11997
11999
12016
12053
12063
12071
12074
12082
12083
12091
12093
12106
12110
12121
12127
12129
12141
12185
12187
12195
12220
12228
12265
12270
12280
12338
12346
12347
12349
12350
12352
12360
12370
12372
12373
12375
12376
12395
12397
12409
12419
12427
12428
12437
12442
12447
12470
12484
12489
12511
12514
12567
12581
12599
12647
12653
12673
12678
12702
12731
12735
12738
12743
12749
12777
12800
12802
12806
12809
12811
12820
12831
12832
12874
12881
12882
12885
12892
12929
12949
12950
12960
12971
12987
12996
13013
13026
13030
13032
13033
13034
13037
13038
13039
13070
13113
13126
13165
13166
13171
13181
13211
13213
13231
13244
13246
13251
13256
13258
13260
13261
13267
13271
13299
13314
13319
13330
13333
13358
13372
13374
13379
13382
13412
13427
13434
13441
13452
13461
13468
13474
13487
13488
13493
13498
13507
13522
13524
13528
13531
13537
13556
13557
13568
13571
13590
13592
13595
13636
13644
13647
13650
13652
13666
13671
13674
13682
13702
13716
13722
13725
13728
13747
13761
13779
13784
13797
13805
13811
13831
13845
13847
13874
13883
13891
13913
13928
13939
13940
13944
13946
13953
13956
13957
13968
13972
13978
13994
13996
14003
14055
14058
14059
14069
14074
14087
14088
14099
14102
14103
14107
14117
14128
14131
14142
14145
14156
14167
14174
14180
14190
14194
14206
14207
14226
14239
14270
14271
14273
14274
14275
14276
14287
14299
14302
14334
14343
14346
14380
14383
14394
14396
14400
14404
14419
14461
14462
14463
14490
14491
14498
14506
14510
14515
14525
14526
14539
14540
14551
14587
14619
14633
14643
14644
14651
14652
14677
14688
14692
14709
14710
14737
14749
14762
14778
14801
14805
14806
14814
14821
14839
14852
14878
14915
14948
14970
14975
14989
14992
14995
15019
15021
15034
15039
15051
15063
15069
15072
15075
15077
15092
15107
15110
15113
15114
15120
15140
15141
15185
15194
15221
15226
15233
15253
15257
15283
15286
15301
15305
15306
15310
15334
15338
15357
15364
15387
15390
15400
15403
15408
15409
15412
15413
15415
15419
15425
15441
15443
15455
15456
15480
15481
15482
15483
15514
15519
15545
15563
15565
15579
15581
15587
15592
15604
15613
15635
15653
15665
15666
15684
15718
15723
15740
15759
15770
15776
15804
15832
15834
15847
15850
15857
15859
15878
15879
15880
15897
15901
15904
15930
15944
15972
15982
15997
16026
16028
16044
16063
16065
16066
16067
16085
16099
16100
16110
16111
16112
16121
16122
16130
16134
16140
16143
16145
16162
16179
16183
16186
16198
16207
16211
16226
16238
16247
16254
16262
16280
16290
16293
16309
16314
16335
16340
16347
16352
16362
16370
16386
16403
16421
16424
16432
16435
16438
16441
16443
16464
16467
16470
16481
16491
16492
16493
16498
16514
16521
16531
16557
16564
16566
16579
16583
16595
16601
16617
16630
16646
16655
16657
16665
16672
16676
16699
16705
16726
16731
16735
16744
16752
16781
16785
16788
16791
16798
16807
16815
16818
16822
16827
16831
16834
16841
16845
16850
16871
16876
16887
16888
16916
16927
16937
16944
16952
17008
17025
17038
17042
17043
17059
17061
17066
17079
17085
17095
17132
17148
17159
17161
17172
17175
17188
17192
17193
17206
17208
17209
17217
17234
17240
17245
17247
17260
17300
17311
17314
17327
17330
17340
17345
17354
17355
17356
17372
17375
17379
17380
17396
17411
17417
17420
17424
17436
17463
17472
17484
17487
17503
17508
17512
17518
17535
17541
17581
17583
17591
17605
17608
17617
17626
17632
17633
17643
17647
17656
17724
17735
17749
17778
17783
17806
17810
17831
17836
17840
17853
17896
17902
17910
17915
17923
17927
17962
17965
17974
17979
17984
17992
17993
18005
18028
18062
18073
18074
18086
18109
18119
18139
18143
18146
18150
18155
18156
18157
18159
18171
18175
18191
18209
18210
18215
18224
18225
18227
18229
18231
18232
18236
18237
18241
18242
18274
18288
18298
18307
18308
18320
18363
18372
18385
18393
18394
18408
18410
18411
18413
18418
18435
18441
18444
18445
18454
18467
18469
18470
18488
18497
18517
18518
18532
18555
18557
18560
18587
18591
18609
18631
18641
18644
18646
18647
18666
18673
18674
18679
18680
18686
18712
18753
18755
18756
18760
18771
18789
18795
18803
18804
18808
18826
18844
18861
18877
18900
18905
18911
18913
18920
18923
18924
18934
18949
18951
18953
19002
19010
19011
19014
19023
19024
19028
19038
19039
19045
19078
19084
19089
19099
19122
19124
19128
19147
19159
19160
19174
19200
19206
19208
19212
19217
19224
19237
19242
19258
19263
19268
19276
19279
19286
19297
19300
19303
19310
19312
19316
19319
19324
19362
19364
19365
19372
19382
19384
19385
19423
19426
19431
19432
19463
19464
19470
19482
19488
19490
19491
19493
19505
19515
19533
19534
19542
19560
19584
19585
19591
19594
19599
19601
19623
19629
19659
19667
19673
19676
19684
19692
19697
19747
19761
19768
19771
19785
19791
19812
19821
19827
19828
19837
19840
19858
19867
19887
19893
19898
19902
19954
19955
19956
19958
19959
19963
19978
20025
20051
20056
20085
20100
20102
20104
20111
20116
20129
20145
20161
20174
20175
20195
20197
20210
20214
20216
20227
20228
20239
20248
20250
20263
20267
20277
20307
20308
20312
20320
20321
20328
20337
20339
20341
20385
20389
20412
20424
20433
20438
20446
20447
20450
20460
20464
20467
20468
20469
20470
20471
20484
20495
20498
20520
20521
20568
20574
20577
20611
20618
20630
20642
20648
20651
20667
20669
20674
20677
20682
20686
20695
20697
20703
20707
20713
20716
20721
20733
20739
20742
20749
20753
20755
20767
20790
20793
20796
20808
20812
20828
20833
20834
20842
20845
20847
20849
20856
20861
20868
20880
20904
20910
20916
20926
20931
20949
20958
20967
20982
20987
20988
21008
21013
21020
21028
21037
21042
21063
21067
21076
21077
21087
21093
21123
21124
21136
21138
21144
21152
21162
21189
21194
21208
21216
21222
21229
21235
21240
21244
21247
21251
21264
21279
21284
21309
21310
21311
21314
21315
21318
21323
21327
21346
21355
21356
21367
21369
21370
21378
21380
21389
21398
21403
21407
21417
21422
21433
21440
21465
21466
21467
21469
21478
21489
21490
21492
21495
21505
21539
21541
21555
21577
21580
21591
21624
21630
21633
21635
21637
21638
21668
21674
21685
21708
21709
21712
21714
21716
21727
21751
21755
21770
21776
21806
21811
21817
21841
21850
21851
21857
21869
21877
21886
21895
21899
21913
21938
21976
21991
21998
22025
22030
22080
22084
22093
22103
22106
22115
22131
22135
22144
22159
22186
22200
22222
22224
22236
22265
22273
22283
22294
22296
22298
22320
22322
22323
22329
22333
22343
22371
22384
22387
22415
22416
22428
22433
22445
22448
22464
22477
22487
22496
22523
22530
22550
22555
22560
22564
22570
22572
22587
22602
22609
22611
22620
22628
22630
22637
22648
22652
22657
22659
22667
22679
22682
22683
22695
22701
22719
22729
22744
22751
22752
22767
22785
22786
22792
22809
22815
22837
22850
22854
22873
22889
22904
22919
22943
22950
22956
22964
22990
22991
22998
22999
23004
23009
23022
23028
23031
23033
23048
23063
23064
23075
23078
23087
23093
23097
23102
23103
23120
23123
23126
23141
23152
23155
23160
23171
23182
23183
23184
23190
23195
23203
23210
23226
23229
23233
23238
23242
23300
23313
23331
23332
23357
23365
23371
23385
23389
23395
23397
23398
23407
23418
23435
23440
23442
23451
23464
23465
23501
23508
23526
23533
23536
23549
23554
23556
23571
23574
23585
23601
23602
23612
23636
23639
23655
23673
23680
23683
23688
23690
23691
23694
23701
23723
23755
23762
23765
23771
23772
23780
23783
23789
23791
23814
23818
23828
23831
23835
23849
23863
23874
23879
23887
23890
23904
23907
23912
23932
23940
23953
23959
23967
23968
23977
24020
24021
24022
24023
24025
24031
24032
24036
24045
24052
24059
24063
24072
24081
24083
24097
24098
24103
24109
24112
24120
24127
24134
24143
24168
24176
24180
24181
24188
24192
24193
24214
24243
24253
24254
24267
24272
24284
24290
24296
24304
24311
24313
24315
24323
24326
24330
24339
24341
24345
24355
24357
24360
24365
24368
24382
24390
24422
24429
24438
24440
24445
24470
24498
24506
24508
24515
24517
24527
24529
24532
24535
24538
24544
24546
24547
24561
24563
24584
24586
24595
24614
24626
24640
24641
24652
24657
24661
24673
24678
24692
24701
24708
24711
24727
24732
24741
24749
24769
24780
24791
24795
24810
24812
24813
24820
24822
24830
24843
24863
24885
24904
24917
24945
24967
24988
25025
25030
25076
25079
25125
25127
25131
25149
25187
25190
25194
25197
25198
25201
25209
25232
25237
25243
25245
25247
25298
25304
25306
25322
25353
25368
25375
25399
25402
25405
25422
25430
25437
25447
25449
25477
25484
25494
25495
25496
25507
25512
25526
25544
25557
25573
25574
25581
25584
25593
25599
25607
25613
25615
25623
25642
25654
25675
25682
25720
25728
25733
25739
25746
25749
25757
25778
25794
25850
25853
25879
25888
25894
25912
25916
25917
25918
25922
25962
25963
25966
25974
25977
25978
25989
26000
26001
26015
26021
26029
26034
26041
26042
26066
26071
26080
26088
26102
26115
26121
26125
26135
26140
26146
26154
26156
26157
26183
26189
26209
26232
26235
26238
26257
26261
26265
26295
26304
26310
26311
26353
26369
26385
26391
26394
26395
26408
26409
26415
26428
26447
26457
26460
26461
26469
26496
26500
26502
26510
26515
26520
26522
26537
26553
26573
26577
26581
26590
26591
26599
26614
26622
26624
26629
26636
26639
26642
26647
26649
26650
26669
26671
26681
26692
26693
26701
26705
26710
26717
26718
26727
26728
26729
26730
26772
26778
26793
26796
26799
26807
26822
26829
26835
26844
26852
26855
26880
26886
26890
26905
26910
26923
26934
26940
26950
26961
26962
26963
27021
27023
27027
27035
27043
27054
27059
27066
27088
27096
27098
27115
27117
27156
27160
27163
27167
27192
27202
27203
27210
27214
27216
27223
27247
27256
27261
27270
27283
27287
27290
27300
27314
27315
27318
27321
27323
27348
27353
27380
27385
27399
27410
27412
27424
27426
27433
27435
27446
27451
27458
27460
27487
27501
27508
27509
27512
27530
27531
27537
27540
27543
27552
27556
27573
27585
27588
27594
27596
27603
27614
27619
27623
27632
27634
27681
27692
27711
27751
27767
27768
27769
27770
27794
27798
27822
27835
27839
27844
27873
27903
27911
27921
27922
27927
27944
27965
27967
27973
27976
27980
27986
27994
28010
28024
28029
28030
28035
28041
28042
28079
28083
28088
28101
28129
28134
28157
28190
28202
28232
28241
28258
28262
28282
28296
28309
28351
28364
28370
28381
28388
28390
28397
28404
28419
28422
28424
28448
28452
28469
28470
28475
28493
28503
28526
28527
28555
28573
28578
28579
28584
28590
28609
28624
28628
28635
28640
28641
28649
28657
28658
28668
28672
28685
28696
28697
28706
28711
28712
28713
28726
28727
28740
28745
28765
28786
28788
28800
28806
28807
28829
28830
28834
28835
28851
28859
28860
28868
28894
28903
28904
28916
28921
28931
28936
28976
28995
29004
29021
29035
29046
29047
29057
29058
29059
29069
29071
29080
29086
29087
29095
29101
29108
29141
29150
29157
29160
29172
29195
29212
29213
29215
29241
29251
29255
29294
29295
29297
29298
29300
29304
29305
29311
29320
29321
29325
29326
29332
29353
29360
29363
29365
29371
29376
29377
29381
29396
29399
29415
29420
29435
29445
29448
29457
29471
29476
29478
29487
29498
29500
29513
29534
29538
29546
29575
29582
29589
29592
29601
29644
29648
29684
29698
29703
29705
29711
29727
29729
29732
29735
29742
29749
29750
29764
29768
29772
29773
29784
29793
29795
29802
29806
29819
29829
29830
29831
29839
29871
29888
29889
29893
29895
29903
29904
29913
29916
29918
29920
29921
29931
29947
29949
29956
29961
29969
29971
29995
30000
30008
30011
30022
30036
30041
30056
30062
30064
30072
30080
30086
30093
30099
30104
30127
30155
30172
30208
30215
30284
30334
30344
30360
30364
30375
30385
30408
30409
30414
30416
30420
30447
30452
30461
30469
30494
30504
30506
30510
30515
30517
30521
30522
30526
30533
30535
30538
30546
30549
30558
30565
30574
30577
30586
30598
30599
30608
30610
30621
30637
30674
30677
30697
30712
30715
30723
30728
30744
30757
30759
30765
30793
30795
30799
30813
30837
30839
30864
30871
30873
30874
30881
30883
30885
30897
30898
30912
30918
30926
30953
30979
30981
30984
30996
30999
31017
31031
31047
31060
31088
31110
31120
31126
31132
31148
31150
31151
31167
31172
31177
31178
31181
31186
31198
31219
31225
31227
31235
31251
31255
31287
31300
31313
31316
31320
31326
31347
31358
31366
31367
31370
31378
31379
31403
31408
31426
31447
31465
31469
31475
31491
31506
31509
31518
31522
31524
31525
31526
31530
31562
31566
31597
31605
31606
31617
31633
31666
31674
31675
31681
31693
31699
31700
31724
31748
31753
31757
31762
31766
31768
31780
31785
31791
31792
31811
31813
31815
31818
31826
31844
31850
31853
31862
31864
31877
31882
31884
31886
31892
31896
31906
31910
31914
31915
31927
31928
31931
31939
31952
31966
31971
31978
31983
31986
31991
31994
32001
32008
32014
32035
32067
32075
32080
32089
32109
32113
32121
32128
32133
32140
32147
32150
32153
32172
32188
32189
32200
32203
32210
32223
32226
32229
32231
32233
32258
32263
32278
32279
32283
32286
32291
32293
32295
32305
32324
32325
32327
32352
32358
32365
32368
32373
32374
32375
32410
32419
32423
32453
32463
32475
32505
32507
32540
32554
32556
32569
32571
32573
32584
32588
32592
32608
32629
32632
32683
32692
32739
32743
32745
32768
32771
32800
32802
32812
32838
32858
32872
32876
32877
32881
32902
32907
32908
32930
32951
32968
32971
32972
32980
32981
32998
33026
33028
33042
33071
33081
33082
33102
33109
33141
33145
33170
33171
33214
33245
33247
33256
33260
33267
33311
33325
33343
33344
33346
33352
33354
33358
33362
33369
33388
33391
33392
33413
33426
33429
33442
33447
33453
33470
33497
33499
33500
33513
33530
33534
33535
33539
33543
33552
33581
33584
33595
33599
33602
33617
33625
33671
33675
33683
33702
33718
33748
33750
33757
33760
33763
33774
33777
33779
33788
33794
33798
33800
33842
33853
33855
33857
33874
33889
33902
33967
33969
33986
33992
33994
33996
34007
34024
34033
34036
34038
34044
34045
34046
34053
34056
34064
34065
34077
34078
34095
34104
34128
34132
34133
34141
34159
34162
34170
34176
34182
34183
34205
34220
34241
34247
34248
34259
34268
34275
34286
34294
34301
34309
34315
34320
34322
34325
34327
34330
34337
34341
34356
34360
34368
34381
34382
34388
34415
34418
34423
34434
34440
34441
34456
34457
34462
34463
34473
34479
34480
34485
34510
34515
34522
34538
34543
34550
34555
34567
34569
34572
34583
34612
34615
34621
34628
34633
34641
34645
34650
34653
34654
34667
34697
34708
34714
34721
34722
34729
34731
34738
34740
34746
34751
34789
34795
34796
34805
34813
34815
34848
34860
34866
34890
34908
34913
34920
34921
34947
34950
34961
34963
34983
34989
34994
34996
35015
35040
35047
35053
35056
35059
35074
35083
35096
35104
35106
35107
35116
35130
35141
35142
35143
35157
35163
35166
35170
35172
35173
35177
35200
35201
35203
35214
35215
35217
35219
35225
35231
35237
35242
35249
35250
35260
35286
35295
35302
35314
35348
35350
35362
35374
35375
35376
35377
35413
35436
35447
35448
35456
35457
35474
35478
35482
35496
35500
35513
35514
35526
35531
35535
35539
35547
35557
35564
35585
35597
35602
35630
35635
35636
35639
35644
35650
35672
35690
35696
35710
35711
35713
35762
35765
35766
35781
35805
35812
35814
35843
35844
35845
35855
35856
35862
35889
35892
35894
35904
35910
35933
35943
35945
35953
35958
35965
35968
35973
35978
35981
35986
35987
36000
36004
36007
36028
36041
36043
36055
36074
36081
36091
36109
36116
36123
36130
36140
36145
36146
36164
36172
36173
36178
36186
36190
36216
36222
36230
36234
36237
36266
36294
36295
36300
36302
36306
36314
36317
36321
36329
36332
36334
36366
36374
36382
36385
36388
36389
36394
36395
36398
36400
36406
36408
36428
36436
36446
36453
36461
36465
36467
36475
36479
36501
36519
36528
36530
36582
36586
36593
36599
36625
36644
36645
36655
36683
36693
36695
36708
36714
36717
36726
36742
36744
36775
36790
36806
36807
36813
36827
36831
36839
36841
36844
36845
36850
36854
36858
36882
36890
36899
36908
36917
36924
36927
36955
36957
36964
36969
36973
36982
36985
37029
37031
37035
37050
37082
37084
37101
37103
37106
37107
37122
37123
37135
37137
37147
37148
37151
37173
37181
37182
37184
37185
37207
37210
37214
37223
37224
37226
37227
37240
37245
37253
37267
37273
37284
37290
37294
37296
37306
37315
37329
37350
37363
37376
37378
37392
37400
37408
37421
37436
37452
37454
37469
37486
37489
37508
37509
37519
37533
37536
37540
37543
37564
37584
37589
37590
37591
37617
37625
37629
37631
37632
37654
37657
37661
37688
37716
37723
37726
37728
37732
37741
37743
37747
37758
37772
37792
37797
37801
37840
37843
37872
37880
37881
37899
37907
37915
37926
37928
37931
37957
37972
37974
37976
37991
37992
37993
38008
38010
38021
38025
38031
38047
38049
38054
38064
38065
38069
38080
38094
38101
38108
38112
38136
38180
38187
38195
38201
38240
38242
38243
38250
38257
38270
38271
38272
38283
38284
38291
38294
38308
38309
38316
38336
38353
38363
38373
38374
38377
38390
38392
38405
38415
38424
38427
38428
38436
38458
38459
38460
38464
38473
38481
38488
38494
38495
38497
38504
38507
38529
38531
38559
38570
38574
38585
38622
38634
38635
38638
38640
38643
38681
38686
38700
38703
38708
38710
38712
38733
38768
38782
38783
38790
38794
38796
38799
38805
38806
38808
38810
38818
38823
38828
38840
38841
38843
38863
38870
38880
38881
38892
38909
38914
38922
38931
38938
38944
38946
38958
39003
39012
39021
39024
39028
39045
39051
39052
39056
39064
39081
39082
39083
39098
39107
39121
39127
39131
39139
39147
39151
39176
39180
39217
39226
39230
39233
39240
39247
39249
39265
39271
39272
39298
39302
39306
39313
39322
39337
39340
39344
39360
39362
39367
39372
39380
39394
39395
39410
39435
39465
39466
39488
39499
39505
39514
39522
39537
39543
39561
39563
39564
39590
39607
39621
39638
39641
39654
39657
39664
39698
39712
39717
39720
39726
39733
39738
39754
39779
39784
39798
39805
39809
39815
39824
39831
39837
39848
39857
39860
39862
39883
39897
39898
39899
39904
39911
39913
39941
39943
39958
39964
39966
39968
39979
39998
40003
40012
40020
40026
40035
40042
40048
40049
40054
40058
40063
40064
40071
40073
40078
40080
40089
40099
40105
40107
40115
40124
40137
40161
40171
40184
40197
40203
40217
40250
40252
40258
40260
40268
40281
40293
40295
40296
40313
40318
40331
40338
40346
40372
40380
40383
40397
40399
40401
40409
40422
40432
40444
40455
40477
40486
40505
40544
40545
40549
40551
40552
40553
40555
40561
40566
40567
40570
40581
40607
40618
40639
40652
40657
40660
40672
40675
40676
40681
40682
40684
40689
40691
40703
40706
40711
40714
40725
40727
40729
40734
40750
40763
40768
40781
40797
40819
40820
40826
40831
40853
40860
40863
40874
40881
40896
40898
40901
40903
40913
40914
40915
40923
40927
40945
40949
40977
40983
40986
41005
41009
41016
41029
41049
41056
41081
41082
41089
41090
41094
41104
41111
41114
41131
41141
41160
41174
41188
41197
41227
41231
41232
41243
41244
41257
41270
41272
41295
41304
41318
41321
41331
41347
41353
41357
41359
41364
41379
41385
41386
41389
41393
41395
41399
41407
41418
41420
41422
41429
41432
41446
41449
41450
41454
41471
41477
41479
41484
41489
41495
41497
41498
41514
41516
41517
41537
41564
41572
41597
41622
41626
41634
41643
41654
41660
41665
41666
41684
41693
41696
41724
41725
41738
41740
41741
41750
41757
41758
41774
41781
41783
41788
41794
41805
41813
41818
41830
41859
41870
41883
41893
41911
41933
41935
41936
41938
41961
41970
41972
42000
42004
42015
42022
42025
42030
42031
42032
42048
42050
42082
42085
42101
42102
42116
42119
42126
42145
42151
42156
42179
42186
42202
42228
42238
42240
42250
42272
42279
42299
42304
42305
42347
42352
42357
42379
42382
42389
42404
42414
42425
42436
42437
42442
42457
42459
42463
42470
42472
42482
42521
42541
42544
42552
42553
42559
42571
42606
42608
42609
42614
42615
42618
42622
42638
42658
42660
42675
42699
42733
42739
42774
42777
42786
42789
42795
42813
42827
42828
42855
42868
42880
42884
42893
42923
42937
42944
42949
42962
42973
42997
43013
43018
43046
43053
43068
43090
43098
43108
43130
43139
43143
43157
43159
43166
43167
43176
43177
43191
43200
43208
43222
43251
43255
43257
43258
43265
43290
43294
43319
43328
43330
43343
43345
43348
43351
43372
43383
43393
43399
43404
43414
43418
43422
43426
43433
43437
43443
43446
43454
43487
43496
43513
43516
43530
43531
43534
43540
43546
43547
43550
43574
43575
43593
43595
43599
43600
43627
43628
43641
43642
43643
43671
43689
43708
43729
43734
43737
43753
43758
43761
43771
43791
43801
43805
43818
43837
43852
43878
43884
43890
43893
43896
43900
43907
43913
43921
43929
43930
43940
43953
43962
43969
43971
43982
44003
44010
44037
44056
44060
44079
44083
44086
44092
44096
44122
44141
44142
44151
44161
44172
44176
44182
44186
44191
44192
44198
44212
44220
44223
44255
44268
44271
44284
44285
44294
44296
44315
44316
44323
44347
44389
44397
44405
44408
44409
44435
44445
44453
44493
44507
44514
44518
44531
44541
44566
44592
44625
44626
44658
44661
44679
44680
44697
44699
44713
44720
44728
44760
44767
44775
44776
44778
44784
44788
44792
44800
44807
44813
44824
44825
44829
44832
44837
44847
44850
44858
44859
44869
44885
44900
44907
44910
44924
44933
44943
44952
44965
44981
45018
45029
45040
45046
45047
45050
45066
45081
45082
45100
45124
45130
45146
45159
45160
45161
45162
45163
45164
45165
45166
45167
45168
45169
45170
45171
45172
45173
45174
45175
45176
45177
45178
45179
45181
45182
45184
45185
45186
45187
45188
45189
45191
45192
45193
45194
45195
45196
45197
45198
45200
45203
45206
45207
45208
45212
45214
45215
45216
45217
45218
45219
45220
45222
45223
45224
45225
45226
45227
45228
45229
45231
45233
45234
45235
45238
45239
45240
45241
45242
45243
45244
45245
45247
45248
45249
45250
45251
45252
45254
45255
45256
45257
45258
45260
45261
45262
45263
45264
45265
45266
45267
45269
45270
45271
45273
45274
45275
45276
45282
45284
45286
45290
45306
45315
45322
45328
45339
45351
45357
45373
45375
45384
45398
45400
45402
45407
45432
45434
45442
45465
45484
45495
45505
45514
45524
45540
45545
45550
45552
45570
45573
45579
45586
45605
45623
45635
45681
45691
45727
45728
45729
45732
45733
45766
45779
45783
45786
45793
45796
45798
45800
45834
45854
45856
45870
45872
45873
45875
45885
45894
45909
45922
45925
45926
45935
45940
45941
45964
45967
45970
45976
45982
45987
45993
46000
46010
46016
46031
46041
46042
46082
46083
46085
46090
46099
46100
46126
46131
46137
46145
46155
46164
46174
46213
46216
46225
46242
46244
46250
46252
46255
46266
46299
46316
46334
46343
46358
46360
46363
46387
46408
46417
46445
46447
46449
46458
46475
46477
46481
46486
46494
46525
46528
46554
46561
46568
46592
46606
46613
46619
46643
46658
46667
46697
46701
46716
46730
46731
46740
46741
46753
46755
46756
46760
46762
46783
46808
46809
46824
46825
46839
46840
46849
46870
46889
46891
46894
46920
46928
46942
46950
46951
46956
46963
46965
46966
46967
46979
46985
47027
47030
47031
47032
47040
47055
47057
47089
47096
47097
47100
47109
47116
47128
47137
47138
47139
47142
47180
47183
47189
47191
47196
47202
47211
47212
47219
47226
47229
47245
47253
47261
47262
47269
47292
47309
47310
47312
47332
47356
47383
47384
47388
47396
47409
47410
47424
47446
47447
47448
47463
47464
47475
47478
47485
47493
47496
47498
47499
47515
47539
47542
47546
47560
47565
47571
47592
47597
47629
47639
47648
47649
47650
47666
47669
47677
47682
47720
47742
47752
47756
47794
47803
47804
47805
47816
47842
47860
47863
47871
47872
47877
47904
47913
47919
47930
47934
47952
47982
48005
48007
48013
48018
48029
48040
48052
48081
48091
48094
48105
48137
48154
48169
48173
48195
48199
48204
48223
48230
48276
48309
48312
48336
48368
48377
48380
48387
48389
48394
48405
48410
48419
48445
48450
48458
48464
48470
48471
48508
48519
48548
48574
48578
48581
48587
48592
48594
48623
48635
48637
48640
48655
48660
48661
48667
48676
48677
48690
48698
48715
48742
48744
48745
48753
48760
48773
48777
48779
48780
48785
48789
48794
48807
48809
48822
48833
48835
48852
48860
48865
48903
48942
48951
48962
48976
48993
49002
49012
49014
49021
49035
49037
49038
49039
49042
49046
49052
49065
49069
49078
49087
49089
49101
49104
49114
49123
49127
49138
49186
49204
49220
49237
49243
49247
49264
49269
49271
49273
49282
49289
49294
49317
49322
49327
49339
49340
49343
49354
49373
49377
49393
49395
49418
49423
49430
49444
49450
49451
49455
49467
49468
49477
49484
49489
49494
49495
49496
49516
49543
49544
49546
49547
49554
49557
49563
49567
49572
49609
49612
49613
49614
49620
49630
49639
49643
49661
49664
49673
49675
49689
49700
49721
49729
49730
49733
49750
49759
49761
49777
49786
49791
49796
49802
49804
49806
49808
49813
49821
49830
49833
49838
49848
49849
49851
49867
49885
49886
49890
49914
49918
49943
49945
49956
49961
49969
49987
50016
50017
50021
50026
50027
50029
50033
50036
50039
50046
50047
50048
50049
50054
50056
50063
50068
50077
50089
50091
50095
50097
50100
50104
50115
50135
50166
50172
50175
50184
50187
50194
50227
50253
50254
50258
50267
50279
50287
50299
50306
50312
50313
50323
50327
50333
50346
50351
50377
50379
50388
50391
50400
50402
50412
50438
50442
50457
50461
50465
50506
50527
50529
50531
50550
50553
50566
50569
50573
50574
50609
50616
50627
50659
50671
50686
50695
50722
50731
50740
50743
50746
50748
50761
50767
50773
50780
50781
50782
50792
50801
50805
50810
50814
50819
50820
50828
50837
50841
50846
50848
50865
50870
50893
50897
50904
50912
50913
50915
50916
50918
50927
50929
50941
50969
50974
50977
50980
50982
50990
51008
51014
51023
51037
51055
51078
51082
51089
51093
51097
51098
51107
51114
51116
51121
51134
51135
51155
51157
51161
51170
51174
51178
51188
51205
51211
51216
51223
51228
51242
51270
51275
51282
51312
51315
51317
51319
51327
51330
51333
51347
51371
51375
51393
51395
51396
51402
51408
51409
51414
51416
51442
51465
51468
51470
51509
51524
51550
51562
51564
51565
51585
51592
51600
51604
51605
51608
51613
51628
51637
51649
51665
51666
51668
51671
51687
51691
51695
51738
51740
51762
51787
51821
51824
51831
51833
51836
51839
51844
51860
51881
51894
51901
51909
51921
51950
51971
51972
51991
52006
52010
52062
52073
52081
52083
52086
52101
52126
52129
52132
52136
52140
52141
52151
52167
52169
52175
52185
52191
52210
52211
52237
52247
52272
52283
52295
52311
52334
52340
52348
52360
52370
52376
52396
52404
52419
52422
52423
52427
52438
52444
52448
52450
52456
52459
52466
52498
52510
52514
52517
52524
52545
52549
52557
52576
52579
52585
52587
52592
52596
52618
52627
52639
52644
52647
52674
52678
52691
52704
52715
52729
52731
52784
52803
52819
52820
52821
52826
52837
52884
52890
52898
52927
52930
52933
52936
52948
52950
52952
52953
52969
52992
52998
53023
53026
53035
53042
53043
53045
53046
53057
53078
53085
53089
53107
53121
53129
53146
53151
53154
53155
53158
53181
53205
53209
53230
53231
53234
53245
53267
53270
53278
53292
53296
53309
53322
53333
53335
53342
53352
53357
53360
53368
53380
53396
53415
53429
53430
53433
53461
53462
53470
53479
53488
53489
53494
53508
53524
53533
53540
53545
53555
53564
53607
53614
53654
53669
53682
53695
53702
53706
53717
53739
53745
53746
53771
53778
53786
53801
53816
53837
53851
53855
53864
53866
53869
53878
53886
53891
53895
53907
53912
53920
53929
53930
53935
53937
53961
53986
53989
53993
54010
54024
54030
54039
54040
54041
54059
54072
54086
54087
54094
54102
54117
54135
54136
54168
54185
54190
54226
54227
54235
54236
54241
54249
54262
54280
54282
54296
54299
54300
54301
54302
54303
54306
54334
54348
54354
54358
54359
54361
54367
54369
54372
54382
54392
54397
54405
54406
54411
54419
54435
54438
54452
54459
54467
54471
54480
54483
54487
54490
54510
54512
54517
54544
54564
54565
54573
54582
54589
54609
54627
54629
54644
54645
54651
54654
54667
54687
54710
54716
54723
54726
54727
54746
54760
54764
54772
54778
54782
54796
54814
54817
54821
54823
54839
54848
54849
54853
54856
54858
54875
54880
54883
54887
54909
54910
54928
54929
54959
54960
54963
54972
54989
54997
54998
55000
55005
55009
55018
55029
55032
55039
55047
55066
55085
55104
55123
55129
55139
55155
55157
55225
55230
55250
55251
55255
55258
55261
55275
55293
55296
55305
55311
55313
55322
55330
55332
55333
55334
55343
55347
55358
55375
55379
55386
55387
55388
55389
55394
55396
55401
55403
55408
55417
55418
55431
55434
55438
55455
55462
55472
55474
55495
55518
55523
55538
55545
55551
55555
55556
55562
55577
55586
55623
55626
55628
55645
55660
55672
55683
55692
55696
55708
55711
55716
55718
55753
55762
55763
55766
55767
55791
55794
55796
55801
55823
55841
55861
55866
55892
55915
55931
55960
55967
55968
55993
55995
56019
56021
56022
56026
56058
56064
56065
56068
56090
56093
56117
56118
56141
56142
56143
56144
56174
56178
56188
56189
56191
56206
56226
56229
56242
56246
56254
56262
56263
56268
56271
56283
56303
56305
56306
56322
56339
56374
56387
56397
56401
56402
56403
56412
56415
56426
56428
56429
56447
56448
56449
56450
56457
56462
56501
56517
56535
56561
56564
56582
56585
56592
56610
56615
56617
56620
56626
56633
56637
56639
56644
56648
56661
56665
56668
56701
56702
56710
56718
56724
56733
56735
56739
56755
56756
56767
56773
56780
56787
56793
56801
56806
56816
56820
56827
56840
56841
56846
56849
56867
56869
56872
56877
56895
56906
56907
56917
56927
56931
56942
56997
57005
57010
57011
57013
57019
57020
57031
57043
57055
57062
57079
57082
57108
57109
57118
57121
57123
57130
57138
57144
57145
57147
57152
57154
57164
57178
57181
57189
57207
57238
57279
57302
57305
57310
57339
57340
57347
57354
57373
57385
57398
57440
57445
57474
57489
57492
57496
57504
57505
57509
57510
57511
57524
57529
57530
57536
57542
57553
57563
57564
57576
57580
57595
57603
57613
57617
57623
57631
57632
57639
57656
57660
57669
57670
57674
57680
57697
57699
57723
57731
57741
57745
57749
57751
57755
57762
57765
57766
57769
57793
57811
57834
57857
57863
57871
57881
57900
57909
57912
57920
57948
57967
57969
57993
58000
58008
58032
58036
58037
58063
58088
58095
58112
58114
58118
58123
58127
58137
58142
58143
58155
58163
58184
58188
58199
58200
58212
58232
58234
58244
58245
58257
58266
58274
58291
58292
58298
58299
58302
58320
58323
58328
58333
58342
58373
58405
58415
58420
58424
58430
58436
58447
58453
58470
58475
58479
58480
58484
58493
58507
58521
58528
58533
58545
58548
58560
58562
58574
58591
58593
58600
58601
58624
58627
58630
58632
58636
58642
58669
58686
58696
58702
58710
58781
58856
58863
58870
58875
58880
58905
58928
58934
58936
58938
58971
58984
58993
59019
59020
59030
59060
59070
59089
59090
59096
59101
59125
59138
59145
59152
59158
59161
59165
59168
59175
59177
59190
59194
59206
59216
59218
59226
59230
59232
59233
59239
59241
59242
59255
59262
59290
59299
59303
59305
59313
59332
59346
59349
59353
59373
59375
59379
59403
59404
59413
59425
59428
59454
59457
59459
59469
59480
59481
59486
59492
59494
59501
59520
59525
59529
59540
59546
59555
59564
59571
59595
59622
59631
59635
59678
59693
59706
59713
59720
59722
59726
59742
59745
59746
59747
59748
59754
59775
59791
59799
59801
59807
59817
59818
59819
59835
59837
59840
59846
59849
59856
59858
59875
59889
59898
59919
59926
59938
59951
59952
59990
59992
59996
60020
60026
60037
60044
60047
60062
60072
60077
60079
60104
60105
60106
60109
60116
60123
60137
60142
60150
60155
60156
60172
60176
60191
60208
60212
60215
60224
60243
60244
60259
60264
60265
60271
60274
60280
60294
60300
60303
60305
60312
60313
60332
60345
60347
60348
60360
60382
60384
60401
60409
60415
60427
60439
60448
60450
60477
60500
60502
60508
60521
60534
60539
60569
60581
60585
60592
60596
60604
60616
60626
60645
60672
60681
60682
60685
60687
60689
60692
60737
60746
60760
60762
60763
60771
60774
60775
60777
60787
60813
60814
60819
60828
60839
60845
60863
60866
60867
60879
60884
60885
60898
60907
60915
60926
60930
60934
60947
60956
60969
60974
60980
60987
60991
61001
61006
61013
61027
61061
61065
61074
61079
61093
61112
61121
61129
61136
61144
61156
61166
61169
61172
61185
61200
61211
61212
61213
61231
61232
61259
61264
61268
61283
61284
61286
61292
61299
61300
61304
61317
61327
61340
61345
61347
61355
61375
61376
61377
61403
61415
61416
61420
61422
61439
61445
61450
61459
61461
61477
61486
61499
61500
61504
61513
61540
61541
61543
61544
61557
61559
61565
61566
61569
61572
61580
61602
61610
61621
61630
61636
61637
61640
61658
61709
61710
61718
61722
61726
61733
61737
61740
61778
61781
61793
61800
61831
61834
61836
61838
61844
61850
61856
61865
61872
61884
61889
61892
61900
61913
61914
61916
61935
61943
61945
61947
61970
61981
62006
62035
62052
62072
62091
62124
62128
62140
62148
62156
62158
62161
62182
62189
62211
62213
62217
62225
62226
62228
62233
62235
62240
62259
62272
62315
62350
62364
62376
62381
62383
62389
62412
62423
62431
62433
62434
62437
62476
62509
62518
62538
62540
62541
62548
62550
62585
62586
62616
62624
62632
62633
62660
62663
62678
62683
62685
62694
62711
62719
62731
62735
62751
62763
62772
62792
62793
62794
62796
62797
62801
62810
62817
62824
62828
62832
62847
62862
62880
62895
62916
62917
62919
62932
62933
62937
62938
62939
62952
62998
63009
63028
63030
63074
63091
63107
63116
63131
63134
63140
63167
63205
63211
63212
63213
63231
63257
63266
63267
63270
63275
63276
63278
63287
63291
63313
63316
63323
63348
63352
63359
63367
63385
63439
63440
63442
63451
63453
63474
63487
63493
63506
63535
63570
63575
63583
63602
63604
63614
63625
63632
63649
63667
63679
63693
63712
63719
63739
63752
63770
63792
63794
63801
63816
63822
63828
63838
63847
63862
63881
63901
63911
63943
63958
63976
63983
63992
63999
64021
64025
64031
64054
64067
64068
64070
64072
64076
64103
64104
64132
64137
64153
64174
64213
64224
64237
64241
64253
64262
64270
64280
64303
64316
64350
64367
64372
64383
64390
64410
64422
64435
64436
64437
64441
64448
64464
64476
64489
64531
64541
64545
64546
64559
64561
64568
64569
64625
64627
64628
64664
64673
64678
64682
64695
64706
64713
64716
64742
64781
64782
64783
64784
64788
64790
64795
64800
64813
64838
64839
64850
64894
64904
64921
64952
64966
64969
64970
64974
64981
64990
64994
65011
65035
65041
65042
65043
65048
65050
65089
65094
65104
65106
65111
65125
65134
65138
65149
65156
65160
65175
65177
65182
65192
65193
65196
65226
65237
65244
65261
65268
65278
65290
65297
65301
65311
65313
65317
65321
65329
65336
65349
65366
65367
65383
65410
65417
65423
65432
65441
65442
65486
65493
65529
65544
65546
65550
65555
65561
65572
65575
65583
65587
65588
65603
65613
65627
65632
65635
65636
65659
65660
65661
65667
65690
65709
65712
65713
65715
65725
65763
65771
65782
65783
65793
65802
65816
65826
65829
65835
65856
65865
65869
65876
65881
65883
65899
65900
65915
65922
65948
65949
65956
65958
65962
65965
65968
65977
65978
65979
65983
65997
66003
66005
66008
66015
66035
66049
66063
66065
66077
66101
66120
66124
66130
66142
66147
66149
66197
66198
66199
66207
66214
66245
66249
66252
66258
66260
66267
66284
66300
66315
66318
66329
66339
66349
66358
66384
66387
66407
66441
66450
66453
66455
66477
66478
66481
66482
66485
66488
66500
66524
66525
66528
66548
66554
66573
66574
66613
66635
66645
66662
66666
66669
66670
66672
66689
66697
66701
66704
66716
66725
66731
66735
66741
66757
66763
66791
66881
66885
66902
66911
66915
66943
66945
66959
66967
66996
67006
67016
67019
67030
67048
67051
67053
67078
67091
67104
67115
67118
67121
67122
67126
67131
67133
67135
67143
67147
67148
67152
67180
67181
67198
67200
67220
67221
67222
67225
67232
67259
67295
67317
67322
67327
67333
67338
67365
67377
67379
67392
67393
67397
67398
67415
67420
67422
67427
67432
67449
67467
67468
67475
67485
67486
67487
67490
67492
67497
67498
67509
67511
67515
67516
67528
67546
67556
67559
67572
67574
67575
67579
67585
67586
67589
67607
67614
67621
67628
67643
67652
67655
67662
67695
67700
67704
67757
67761
67772
67781
67785
67841
67854
67857
67869
67876
67897
67905
67906
67911
67912
67916
67920
67939
67944
67958
67965
67966
67969
67974
67999
68003
68009
68014
68023
68030
68032
68034
68036
68093
68098
68111
68122
68123
68125
68133
68134
68135
68165
68179
68181
68186
68203
68225
68226
68228
68238
68240
68248
68253
68259
68266
68267
68268
68281
68296
68298
68300
68313
68329
68349
68352
68367
68373
68376
68387
68389
68400
68405
68409
68412
68417
68430
68436
68444
68472
68478
68492
68505
68516
68521
68530
68568
68571
68572
68576
68580
68581
68593
68616
68630
68634
68637
68641
68662
68664
68667
68688
68697
68716
68721
68733
68738
68761
68766
68767
68773
68780
68786
68804
68811
68818
68821
68840
68858
68862
68867
68898
68910
68917
68920
68922
68924
68931
68935
68937
68943
68947
68976
68982
69006
69019
69030
69037
69046
69048
69057
69061
69062
69070
69095
69112
69130
69144
69148
69175
69205
69216
69224
69227
69242
69248
69258
69262
69296
69302
69303
69304
69305
69340
69345
69348
69354
69355
69357
69358
69360
69382
69385
69388
69396
69406
69410
69415
69428
69437
69445
69451
69476
69490
69504
69536
69573
69575
69596
69601
69602
69605
69623
69626
69627
69628
69718
69726
69741
69743
69750
69751
69755
69765
69768
69780
69797
69798
69813
69840
69844
69854
69862
69891
69906
69913
69925
69940
69941
69962
69983
70007
70009
70017
70027
70034
70035
70037
70041
70043
70052
70064
70065
70082
70095
70101
70103
70116
70138
70147
70198
70208
70242
70244
70248
70251
70256
70258
70265
70275
70280
70336
70344
70348
70349
70356
70365
70401
70402
70410
70438
70444
70451
70489
70494
70504
70506
70509
70516
70532
70545
70561
70565
70584
70586
70598
70604
70611
70619
70620
70623
70635
70651
70675
70676
70677
70686
70687
70700
70711
70718
70748
70752
70763
70785
70790
70792
70799
70810
70829
70830
70833
70860
70863
70871
70874
70875
70882
70885
70897
70901
70910
70935
70943
70949
70955
70962
70981
70986
71001
71005
71028
71039
71042
71051
71055
71071
71092
71100
71106
71108
71117
71126
71131
71133
71135
71143
71147
71153
71159
71165
71176
71179
71192
71198
71213
71223
71227
71239
71251
71253
71254
71279
71308
71309
71312
71317
71322
71327
71333
71343
71354
71358
71368
71409
71410
71411
71412
71413
71419
71423
71429
71456
71459
71481
71504
71525
71542
71571
71573
71583
71586
71602
71611
71612
71616
71632
71641
71642
71644
71673
71675
71687
71708
71718
71732
71747
71751
71758
71780
71781
71804
71807
71833
71848
71856
71867
71891
71905
71914
71915
71917
71921
71924
71935
71939
71942
71956
71969
71983
71990
72007
72017
72064
72098
72100
72106
72112
72116
72122
72129
72130
72158
72169
72172
72179
72191
72193
72214
72230
72256
72257
72266
72273
72274
72284
72286
72301
72305
72311
72333
72338
72350
72358
72365
72382
72401
72411
72414
72415
72429
72451
72452
72455
72457
72459
72463
72464
72468
72472
72475
72479
72500
72516
72520
72523
72530
72541
72550
72569
72571
72575
72579
72580
72592
72602
72617
72644
72651
72673
72682
72683
72686
72697
72699
72712
72717
72724
72728
72729
72733
72736
72744
72747
72751
72793
72797
72816
72837
72840
72841
72857
72868
43094
34297
57896
42495
62567
37711
42834
16281
68495
42800
19876
42454
13269
64420
72175
39828
62580
64287
22700
20846
7321
57413
65768
44630
59901
35134
47400
42211
18166
54642
62684
21775
63135
33377
49424
39381
19528
44119
60559
46690
66582
63397
59192
56581
39963
13353
63700
57958
52881
50088
8922
18249
18512
31072
66093
20261
72715
33303
23330
68958
65868
18889
67865
31348
28710
69989
6212
26568
69042
21262
24497
11578
39585
67441
65287
66575
71930
22230
70944
61208
72510
37971
17819
53460
46163
40522
20556
21875
60686
49701
31588
11759
70783
18186
29189
46397
38624
16446
19119
38480
50583
15032
23110
67995
69523
33662
18682
18151
55179
49975
10197
71710
27759
33252
65391
20596
49133
39567
24694
47179
40122
48115
48210
32849
53570
57380
52206
64243
25327
17274
57327
57337
38249
43042
25937
32572
71173
9969
11380
44688
15808
10929
42631
64232
49628
55691
15987
56797
37330
32416
18941
29491
42281
63068
69097
23586
61570
72202
53700
63289
13581
11868
54066
61141
66601
7295
69159
62136
53011
9840
70528
35168
25761
28908
56947
24164
21812
23134
72375
66614
55442
30975
57195
57876
13225
53927
42879
51224
45620
7359
27597
45010
70316
36631
11782
35778
22001
70587
13060
69783
49321
29267
13771
27336
66786
56494
46941
46094
13617
64708
69074
53381
16677
57730
53423
25013
52527
8899
70507
70430
53666
44803
55489
42549
40259
12981
55941
12946
35800
11607
58569
18677
42078
58086
23426
35974
39396
70311
62900
33455
29330
59073
27527
23903
36647
60513
68260
56427
16775
8569
8380
28460
44750
72746
64576
33136
24223
67280
20786
51859
8296
28082
60428
48311
37189
35431
26576
31905
58623
52385
38389
67513
54623
65703
65913
63886
37007
63087
72482
67690
26273
45004
70168
65995
48684
52734
69156
17125
64256
17762
8924
63538
14448
47127
36463
56157
69635
54857
31380
21066
53668
39849
10661
10678
13118
18987
34284
27361
28300
40283
49649
39690
29866
46765
43146
58022
46933
72342
56033
37637
8523
21679
14600
28935
46575
37194
44983
68639
61091
46434
13719
38137
11922
56726
10152
11571
55700
49555
53069
9012
19984
26374
11212
44944
42370
61511
24136
33515
60331
33292
58612
6588
14555
15554
46923
35755
55865
68859
46194
47739
52023
42790
48926
53973
39442
35932
37557
17142
10444
52015
17970
29293
62445
47473
25167
6512
18973
67851
37951
44167
22021
70610
22817
42402
54617
13429
58267
19060
42445
42888
44376
36729
27000
33480
70111
11787
37650
66105
68191
69583
46110
53773
30373
52767
20718
27635
54450
13228
7881
34852
28810
40854
60654
25695
44865
43479
35923
55131
57168
42981
70807
7923
71277
61715
34047
36948
20084
30988
19052
6286
68861
69471
34017
48878
68100
32451
31295
31006
7365
65502
39037
16740
67619
66431
29132
14759
46946
48555
35300
63029
36346
9639
26152
26558
58285
24115
50606
61048
71019
13693
11598
62945
28912
45943
61988
25032
53310
29248
39804
19708
45714
56875
56107
49007
39492
62395
18670
23280
64732
31503
17028
16608
33407
12625
68331
26600
16645
7216
9930
47688
25470
35859
27234
28312
6235
43387
35648
28700
48101
34167
54999
50933
28110
39529
50364
39154
53226
36682
66914
6397
46167
46948
25575
11846
38792
18665
10403
19187
70868
12036
10666
13272
38489
52911
25609
33876
8715
38537
44423
53636
68778
38300
45826
22031
55662
52611
60748
16025
45882
5884
37592
37396
21382
55666
8498
40697
26099
31949
11866
46531
43456
63220
23782
14030
45844
44495
42349
25586
45900
38053
8804
63648
56865
39742
60117
56886
42745
9692
37757
28882
68603
28017
55288
8070
71533
8579
51169
51365
9553
54465
19825
44015
42136
60825
32034
27015
35486
43436
16605
10908
54244
34323
29283
31500
70413
52477
63989
71193
27335
51113
41430
31407
66972
43103
16315
30384
24241
42282
40891
22514
14866
43668
11091
33018
31220
57646
44584
15636
36930
70387
56007
9977
39565
66074
51100
64002
67416
35060
42286
48451
29342
37868
58745
7678
17308
53566
31124
18203
65357
41376
42213
20226
38811
42721
69571
40117
6928
39794
36692
63631
13144
51370
68720
45817
33115
56771
50762
12435
48189
11475
45994
10657
19642
21570
71859
25450
29600
32316
69092
67754
72763
44215
61151
27195
32138
15595
48643
7741
58226
6610
48127
58070
21546
29084
50905
40388
9767
23998
49336
31708
60515
54327
28363
35574
50096
9959
51522
31483
66734
7756
59222
9587
58106
18779
47879
49068
44246
41920
66327
22590
11493
33764
36035
26881
62526
51727
13390
31488
40209
31855
10496
49458
20050
47166
33813
72308
9145
17070
35746
36199
58896
59667
16567
66216
30463
66449
60668
36092
34858
71169
67976
39050
68447
47696
23417
63591
23717
8783
8839
30428
54738
17146
59426
26250
28070
24656
20397
23737
19105
51490
51060
16064
55220
36527
19834
59863
17205
6479
40178
63464
58508
23084
25597
6768
32271
25568
68245
46521
24146
35369
64819
29012
56858
26743
42986
63334
21506
60283
20271
43267
70142
60320
54265
60458
20841
30753
38899
47350
67032
50500
65227
65122
34439
11305
53411
66793
51508
28033
72031
12165
57785
69266
37174
25346
44719
62180
51816
37260
29827
23224
50703
32503
36153
21329
67495
21983
62014
58141
18569
57526
15569
24065
71422
40665
14791
34761
66117
32746
58102
30017
18091
72489
15469
29519
27773
37496
30946
9921
61199
19639
11038
42798
45424
11259
11174
22234
48963
7950
42468
58433
16461
56652
60549
57303
51673
7305
41150
39852
56697
30323
62905
18306
39723
15029
10899
43933
12202
6346
42865
58454
72325
55965
47300
11652
56522
12613
29846
23051
32202
8418
54152
63931
38217
39445
72691
26720
48605
42326
10024
49941
11856
8581
15846
28504
31067
31180
13598
69869
26100
59690
66159
36215
57884
67533
9422
6182
12766
29688
62184
58892
43019
12298
57038
62493
45564
70153
58688
23136
33116
41877
29202
54149
21975
51527
45085
70902
12035
23732
32766
26981
26979
37295
59740
47283
13376
65513
49644
14093
68363
63315
30708
66590
27753
32420
26711
10523
21199
39197
20934
67993
68929
61158
63269
22207
50445
43598
34854
35065
39079
20920
34706
62402
65914
69399
45502
33651
55217
59485
33778
10277
37520
68939
47992
26155
34477
70515
66288
43178
17470
31856
41203
43975
57640
41671
10690
68936
25031
10192
40276
6199
64594
23037
36609
43645
56683
30823
56728
20794
6976
51446
36053
63454
16547
68471
17248
71809
41810
54888
57143
27272
30026
35016
53626
9080
42562
21241
43816
72771
40597
8172
60993
15193
65786
15955
19632
17560
53868
55636
17932
57814
32711
39687
33150
65961
35834
53534
44953
40475
64318
41595
20824
7808
61863
58450
47037
36939
55938
11330
20734
55519
49408
22674
53424
53601
48232
64755
64399
35737
17035
72288
69264
13057
71171
42670
43565
46438
55502
51815
22147
50591
66843
17259
64945
69403
46342
6965
50062
7009
63245
21121
10014
72450
9765
13193
12431
15639
40224
54277
44986
56714
14665
66350
61037
36017
48964
32485
30029
20960
36308
38945
33368
31520
41248
49741
55105
71739
35826
36811
9251
8399
20561
8320
32589
65919
28546
23738
23121
67973
72302
20458
22913
18364
71061
69285
22843
25186
8653
44058
36137
66609
61036
65372
12718
47438
30143
59937
56696
21904
44306
57282
20473
8174
49657
12241
64544
21070
69127
39578
64147
27173
31769
24178
72016
71951
16213
61032
29092
7725
56223
48214
66700
31008
12538
8537
10336
70659
54794
62373
25608
40247
70694
31016
64548
32219
25081
52290
68537
41028
38527
39760
41524
65929
23050
71116
72242
54641
12558
13108
22927
25602
71553
29697
20500
55307
46585
27204
66264
69558
34724
30179
7362
10207
47011
39308
49419
47800
27663
40558
60258
36799
23502
9153
43283
6946
29952
15166
41019
40830
34031
67530
13885
50365
61164
59852
55950
27670
26866
67334
46159
65897
38449
27897
25021
26974
49765
66508
41238
62384
22813
9199
67132
50835
39666
72792
61534
54953
55786
69411
44368
45591
20479
64604
10195
25585
53401
72187
15940
18478
17230
17568
8181
10213
14529
29430
56596
48439
45739
49320
45436
27294
59374
65757
6039
20634
25381
38109
15471
28669
47554
23854
28952
40256
15311
57374
35232
40783
43637
37669
20819
71842
54353
61804
66985
9079
13676
60097
36696
51749
12963
13638
61443
15946
22624
21517
55393
45102
17660
46691
59393
69618
13549
41496
20671
66971
6611
68850
72416
64867
30910
71518
18754
8631
32154
36986
64900
66937
25316
15510
66835
22934
64058
64634
52628
29094
57964
35452
9610
44475
49270
48827
23085
6247
15890
56807
69781
18981
62995
9500
13122
32362
20033
49400
41974
8620
25139
11201
43584
8688
58033
18125
72526
50934
72843
32763
25965
38877
50298
54469
72742
22140
37423
52386
13763
65838
15845
72862
8746
26512
41966
57491
48609
33498
22981
34484
8701
62467
69842
39823
9825
55571
69973
43365
42383
20418
10699
54571
69025
17627
30567
36814
24760
57594
24040
37622
20827
28368
63638
57333
61014
66760
61226
23525
40305
45385
65898
21172
68711
56700
56135
32733
56662
41434
18701
43795
17141
21939
53047
27760
21725
15520
36902
20802
20867
48850
13499
7101
38332
29225
33120
36105
51990
53808
12686
60132
52799
21326
50183
67314
49106
28113
16618
10553
29073
46479
29724
37299
36523
42935
31145
34824
19013
54356
70773
41586
61663
49020
55231
53482
46273
30852
39335
66090
7943
67980
9916
72610
48770
71316
24359
26240
44505
60063
15985
60752
11706
52000
26466
11920
47780
71810
44266
21568
40353
18208
51259
39210
9918
68174
47687
46073
56966
43515
31394
71699
43762
12934
22277
70439
23641
66417
66017
56819
61806
50340
37288
44681
28071
10043
48913
49010
69895
25137
45120
60547
12201
41948
13425
35972
23593
18574
20676
28633
41505
27898
6365
66677
13348
48834
61703
52362
28043
9780
58898
66679
53772
33629
31137
56772
38757
30004
49005
24101
63559
47948
27733
15961
49619
15698
53844
48507
40753
15921
57330
33001
48089
52153
9392
20187
43857
54388
18222
8263
37769
57655
19115
46302
64542
26455
35938
29778
57682
28021
70626
63812
33686
7603
59582
22091
57420
36443
72272
15681
45311
32209
64397
63436
16637
54775
70705
22154
56003
19664
23057
20624
33023
15645
7650
25534
43649
60810
46900
49668
14695
11300
16853
42434
23963
21665
37599
54743
69817
68723
40726
63698
51476
15539
65537
27425
16389
35804
19049
41652
67758
24206
64246
32521
25552
39972
53766
22157
49663
44471
15864
17124
23882
71196
28988
7449
25849
35109
60173
27228
29834
46157
63391
39680
9591
24385
14200
6749
43699
51310
20825
14769
12555
63610
72212
9766
70655
19813
53656
16488
32630
32084
55153
46257
13764
69463
63239
7021
43879
36764
13609
41823
49093
9568
63356
39713
27013
67877
72458
43874
8767
10203
57942
54915
47911
66552
64466
32519
61282
41161
12925
7121
27878
56608
52931
52634
39428
45123
8552
18544
27179
18904
7260
9942
68119
41289
14372
30047
7761
24307
6899
16114
33063
33138
15275
48708
21567
67950
13889
12976
47195
19444
22724
38572
35863
47346
70358
72554
66269
9064
8297
21614
45951
33205
61952
54734
58372
62104
48132
37409
17440
44197
46806
9385
44726
19142
8123
22421
52610
10451
12634
29187
40943
41087
25347
27324
9370
43545
25716
24265
40297
63327
20414
25047
55834
50991
15900
49656
24007
39612
15498
25165
25311
70307
63382
44517
59475
46423
67887
32308
21460
34798
44497
44791
72221
35137
22184
65811
15969
8894
67723
68251
59620
36558
56982
7604
54801
18268
45150
6935
20816
33258
16640
50006
62808
70376
27064
7937
51288
53743
61105
28102
50593
10067
46144
25666
42257
63817
71130
53413
59634
53263
44265
62220
53549
71326
17448
6636
7151
53576
56887
13629
44335
23162
23620
27488
23441
17913
49241
70317
9791
69779
46473
13952
68005
12211
27665
35665
51662
53583
67663
22766
35721
23972
55976
62301
47583
15023
9404
42403
20293
62523
33939
60852
8520
51128
29679
67312
26976
24423
8517
21840
68574
52654
64225
49103
38552
40348
39364
20946
9585
44452
44068
39650
41637
19543
20725
54813
16902
69972
49770
8982
33471
9463
45338
6366
38496
20969
51207
21682
35020
71156
29289
62768
44036
58334
45842
29449
29022
45757
69484
9092
51543
52880
50949
65206
19938
20604
16105
61309
7610
27962
52956
65691
24963
24784
14875
72372
32666
18455
31924
41657
59707
50641
35181
33024
35183
41116
17299
36573
71633
38174
32868
64758
11788
71284
9466
30543
31071
33371
24329
17863
62871
39811
48161
6943
70361
26114
32177
27262
66650
41350
24974
50209
62759
8058
26843
12952
55531
64631
68451
49659
25488
53498
13123
19717
11851
36063
57103
6802
17104
59705
55400
28255
26908
50324
53557
41876
32277
45675
11806
32460
23044
52653
60311
31165
45143
28857
61101
64949
52490
40072
10194
29774
14753
39928
49121
48236
10821
36748
68654
32935
22910
30006
60605
61686
50274
71538
6144
37360
19315
68612
31298
37046
21258
62297
12691
36671
15920
46262
30811
36468
65971
69746
6467
56838
6169
68671
49655
71534
47638
20629
48044
6929
53449
39989
11952
13436
7688
25393
10665
58124
7173
20818
71054
27266
31346
55144
52513
25448
24936
51377
70996
68143
36001
37241
51159
20434
70172
59406
57404
35493
46898
59714
15939
57067
14578
67725
42871
54820
65495
18358
50205
55754
29488
33030
56506
29984
32101
38410
22548
63417
6629
50236
53970
66108
13149
64168
41584
16561
54558
39945
70300
18152
65181
31996
61696
63200
41424
62030
67129
10229
65602
72833
35501
49176
13169
13170
70674
19351
70045
23455
12585
31733
6729
26885
19616
49667
13196
70554
36193
8724
66483
38588
55588
62579
55186
17451
28756
25959
70285
22238
26331
33921
49208
67787
25429
15330
70088
13808
26262
22272
70425
51318
65809
71509
46520
55775
46022
36268
32967
28034
62160
61671
70150
72756
9798
10053
33642
40532
26716
20143
60310
69178
64776
57412
13821
66498
52877
21364
9162
47829
52326
27311
58443
21432
6206
17100
34305
56939
24197
9303
32426
27122
46600
69118
39502
54167
14911
16257
12466
42719
13546
23751
34844
13651
33239
54225
44722
44903
25670
57278
71155
36598
8261
14592
31307
45876
9589
37807
52415
13324
39790
18037
67800
17322
60082
8684
62544
28168
18093
11219
13985
8218
35783
13879
25371
33697
47652
43759
5991
20637
31834
31139
9255
15322
44440
61618
53760
14850
64286
7076
55124
8187
21476
40746
54440
58376
17302
28212
41276
22382
53761
42087
54765
35343
34933
34281
15448
9797
41247
48211
29994
71255
7502
64982
8413
23999
8362
27174
35991
47606
55761
46584
33937
29569
68068
49300
19904
40779
72514
17441
25530
32659
18821
60036
54956
48109
72393
49207
69186
40460
6294
8437
28645
43452
57637
12426
15186
67245
20240
6218
50608
7180
30798
12136
11646
38417
10091
46872
55999
36288
52453
20889
9679
58260
35609
14784
66443
36229
53530
50675
48505
37791
20070
27896
7976
53923
55312
37021
9003
59100
37497
42621
10338
71792
26285
42557
61910
28127
50595
42458
50911
67159
18336
53598
58778
37673
21722
25973
43616
54885
12467
36499
55514
21530
34008
12727
50674
9577
8023
54859
47324
13450
40406
36673
55987
21962
19306
11216
51730
62516
8841
12085
59572
71507
42143
27928
7628
32314
10172
60758
22479
69108
14636
29347
11739
34610
66562
10813
30961
21992
47622
19402
26058
10317
39748
48568
27726
11116
51053
7915
17528
17513
42208
72563
25475
65477
72271
52533
24049
66630
58732
41354
18729
71018
23258
7639
31480
48238
28982
26493
44461
25432
32287
41285
12087
21828
39545
60250
20080
61062
28938
63192
70039
38422
59025
57137
19477
32729
31454
67767
61242
57583
33738
23703
36088
67380
10994
43269
34251
37274
37478
26319
47593
10098
41688
64458
54562
55070
58301
22173
12914
57318
7463
28162
45921
50838
29739
8336
7274
36643
48194
63262
53979
56680
39370
69106
47514
46757
36249
56760
38317
29820
25699
15037
55939
68758
17708
59794
13695
58520
35875
43625
68142
48118
41873
38936
20256
68264
21818
42310
45896
35333
15710
69055
46101
35873
37503
18982
56315
9880
67583
40468
35076
7325
55516
42650
36015
55367
67899
40302
47168
10283
60859
65765
6665
43266
13168
9305
70345
64615
55539
35294
44398
38118
23815
68314
28665
26255
51325
27741
26702
20023
70592
9518
64977
21967
30678
11758
53747
41990
35555
24320
36439
14754
38264
59833
30959
62897
10833
26694
25427
47290
52471
46649
29506
58374
13448
40370
54240
17642
43582
39647
54995
24344
22921
57743
70905
69537
67369
48260
67139
13777
67456
19558
44488
12221
47855
57904
32459
37671
26291
28659
64734
62964
20565
10601
54983
9874
6400
49645
43163
72537
30866
70106
49359
35404
24266
22763
34799
60081
32728
65584
22936
35592
13001
33355
53983
10638
48681
22971
52218
31212
49823
16975
25242
62298
29718
42598
59617
37762
48930
54169
49267
24200
27338
19535
9282
71682
53187
8822
36840
17321
58559
53661
43973
19004
21468
20203
65276
39838
50804
30460
50260
61184
59040
42409
51548
33088
14357
32499
14356
31802
54599
13406
9006
60745
67429
50768
42712
44235
70245
47679
64353
7165
37511
49860
62481
49698
6255
19380
41010
61687
31511
59960
30245
18689
17533
24992
33110
38297
40941
54890
16580
33575
52537
19102
51141
16988
8931
7945
38322
40159
25175
10342
43382
10196
50071
36981
18491
28324
50130
16062
19716
32782
52011
9769
14236
25713
25192
22558
45358
19046
37115
18425
29335
39555
32182
50854
19249
71601
49227
12160
53532
66390
40405
31793
11419
51096
53915
43844
29339
55336
46771
54110
50926
61650
7169
12042
33405
54919
37808
55630
58371
28558
49857
62351
24587
69856
42758
65644
42889
25518
47120
45142
66709
19679
61362
23995
39869
12835
30466
18165
21557
53790
52195
51203
18780
37113
53178
66644
16301
14454
54154
64570
70427
15778
31591
56667
40932
68847
56024
51254
21640
35614
53337
43175
70262
31817
71569
42438
30118
67075
65455
36520
54811
24664
15674
69748
30706
63449
31773
69560
20626
52421
34877
49778
57795
64133
64567
47050
40530
12899
67188
56864
52486
42226
15606
18529
28064
25107
62317
11543
20912
44545
47107
47090
42121
33098
43384
64864
69272
23802
22239
38434
45536
9218
70057
53873
61351
65610
56984
44724
28750
37395
28999
57442
6123
32807
9421
37494
61331
31705
34493
28799
38719
22152
29118
34135
60497
15340
32026
48365
40425
26064
19944
46288
17848
56963
45692
58164
12736
30303
53010
37618
57424
55015
11746
13185
17841
43522
60595
63023
50330
25787
61495
53589
18548
50613
46143
28208
14851
33501
69778
22126
37914
67382
9943
51108
50118
72618
62819
27925
29955
32538
68109
57776
26166
22586
30649
65165
50771
14611
50970
7630
56513
58216
20443
71597
11059
44759
60714
63371
69238
65243
32087
24913
23551
47349
66468
14596
18998
56892
7669
25389
52336
50603
49391
19781
23864
53770
61285
18552
12961
51501
12283
55969
43724
63940
33755
28822
54234
59669
37944
15016
44639
27646
39969
52733
38508
56580
26944
20037
22762
49625
50383
8807
60761
57853
71191
26495
53517
66854
63951
8607
27152
42200
71216
69277
64997
60510
66836
54962
26126
37068
11097
42844
8259
44675
70008
58769
71224
19054
12462
39727
40591
44144
45127
69369
42259
56915
49286
16316
17628
45087
48954
21518
26559
47061
5891
11309
42526
57673
31593
20291
17999
55807
43965
47818
12944
65281
19332
63938
13439
31655
29668
60095
17254
33047
65300
16141
17111
19289
38132
21080
66830
56729
31441
7520
43775
57262
12705
8754
43821
28315
64504
40453
51146
34931
52374
8574
15983
29780
16540
11409
65693
31623
50389
21749
43780
6403
67783
15158
20552
28955
38036
70570
68927
13958
47898
31283
58652
72535
44319
18899
70122
17770
46315
35288
8103
26549
33272
8742
34015
41369
62502
36312
56248
43027
36514
24526
28051
69767
46596
24892
34447
28361
30110
15095
69829
52067
19531
44040
23706
63746
66181
10667
72254
60727
20778
19752
42639
16809
28023
10531
7450
71876
44895
72139
7753
27465
30116
17586
25860
52064
24095
45386
20253
48894
33130
52675
32191
55180
27363
52843
25858
31620
40131
60325
27455
55617
17421
9084
28476
69936
45803
26530
7486
61561
44106
71986
52178
45527
51199
31206
47425
25546
7461
45480
18255
42216
54587
58197
67241
54693
24156
41099
27414
15457
13106
27227
58486
58194
50454
25229
41787
23391
33000
69833
61835
33817
8416
69312
45459
19597
37073
33270
45444
14553
71158
56187
19687
36852
41949
27982
18489
48305
7816
55301
47562
13512
65760
45765
23204
65490
37817
22812
13743
21683
8114
26911
33835
28053
70838
14347
7651
33786
59650
55071
61885
15165
49390
37830
45864
11015
22879
10464
45140
38435
30263
47248
54988
28245
48030
23309
67529
47940
22822
47573
37854
33089
60488
40848
67746
10453
20182
70837
10393
33904
68038
42427
59895
66184
9388
51331
22898
28992
70431
13006
27672
26878
68777
39457
12707
14918
36367
45742
17076
5937
40775
56231
64356
41448
22092
41414
68118
42883
52567
26158
39407
45702
51075
38705
54199
59815
30738
31640
42900
21439
44078
60706
13117
28747
33506
20168
48579
23169
70966
68703
14998
59124
34771
30942
32281
63210
37852
54196
9429
12764
44540
28158
39467
68592
45525
48540
14584
69728
29183
16819
21659
57648
14361
20499
23522
65833
19792
28825
45395
13766
30367
32455
23083
35936
38655
51384
5878
55106
22018
68691
59976
36575
20558
45857
63767
69325
58658
42550
54310
27949
25331
10020
39923
37472
27718
68096
51348
58402
38820
59877
35397
12771
22474
21342
55497
41003
32567
25627
59281
25744
28140
34413
55590
9859
6937
54507
43218
58229
61147
68614
59355
30529
66826
39559
10425
37500
65332
68022
29925
7452
64550
39902
22640
36998
62457
16010
69053
68903
7871
17744
11230
35784
60370
39345
43336
25230
56367
41198
20026
54198
72497
20032
59881
61792
55682
54478
6304
70372
38565
41727
34344
19197
44913
32445
28090
6659
18440
49185
54891
12190
29689
24969
49832
40513
71234
25188
16377
7013
41314
67774
37466
14392
58708
31319
66386
54810
11009
12810
48354
69772
53559
20601
62836
19139
51202
36572
44616
70970
59256
29140
64543
26372
62336
50468
24738
55664
58280
50182
48662
6396
30073
12840
70170
57494
33568
68973
43624
63615
42492
10781
37704
8243
24172
43152
65964
63790
66618
12451
10677
27383
29789
60307
52847
47626
35311
41655
27439
59001
60096
56421
22302
69559
24873
31611
23836
47604
72582
34221
38030
67055
16263
36403
28431
60328
60422
18406
35111
69407
30748
61984
27175
34276
62702
34280
16459
64010
7517
28776
49674
49973
14313
32007
44939
71230
42744
57783
41939
40535
50020
53354
54089
42728
27246
24767
61437
7405
66767
17088
58471
62003
66486
22654
16161
51633
46459
57756
25050
22670
52500
25701
66698
16882
42575
66368
64972
62264
66544
64200
14612
38725
8497
22380
49560
42417
29542
70645
18158
60670
16392
35100
20208
38438
53781
11127
14485
34084
44069
16351
53472
57581
72657
28957
63944
14704
11863
66471
66230
71488
45151
65548
37323
63215
48071
43974
14962
30352
59084
20823
43275
61556
54491
42763
55339
26177
39541
29543
28253
36247
70370
53083
48099
50233
37740
63986
42478
6491
11602
69804
6414
11089
62906
61055
35879
43386
9085
46241
33754
51778
54193
17748
54698
39278
16662
57056
35738
40859
6695
45332
9535
42066
52130
32516
52833
50900
26201
31062
41989
16954
16800
38597
35877
24958
54096
22948
48793
9278
11611
68668
52828
33973
55847
39055
67391
26589
29733
12458
35914
21736
10958
13296
53538
47996
19261
22622
64018
55604
25287
18027
68873
7047
48843
33784
63199
54825
10941
53650
70572
32042
22742
71544
18059
27756
65239
12817
53243
10286
48087
21306
16098
14603
36720
71515
61190
64267
24082
10188
24979
66851
56228
26687
7648
25036
29043
42077
21245
9197
16910
34712
58975
45308
65232
15533
28444
36713
64292
26323
52411
59147
36224
55989
62154
13715
59910
33241
62705
64215
35433
68518
11500
15936
63244
56267
8247
35940
8381
71605
61869
65382
30404
46852
50106
62108
25152
46887
68794
16535
13214
31226
34643
14430
53336
30037
61429
48297
6716
28572
65953
17257
32243
61496
26779
51817
15489
23468
48737
37985
15001
33550
56438
14590
63351
30904
68474
34498
69094
62288
72134
19120
44088
57822
21650
48630
25436
58581
31057
17598
10895
68531
59320
68533
66454
28094
21071
37984
19830
62986
7014
9945
21574
32225
13620
67981
6476
36327
50920
31948
19788
21959
28781
46211
34224
44109
49687
17445
56274
49411
25565
34896
70811
7376
24258
21936
27582
49060
19521
13151
69282
47458
18960
54290
47004
36544
70254
55916
54001
49319
69263
49550
28335
44935
53329
19368
59007
22143
42381
16873
11054
46523
18976
21160
72426
55203
40559
28124
39637
36494
12774
9953
24009
9961
35238
21561
12109
30368
32658
68988
63578
41214
60535
42510
67353
70741
56635
10266
51374
18561
13207
32162
70024
12154
8789
21589
10198
61410
68470
7322
29272
63460
24442
69517
17135
7257
30544
54603
67376
28780
48515
67953
45426
39014
21809
72718
14032
62652
9731
45708
20886
13836
37721
47451
15321
28362
30076
51287
55362
22714
72583
18507
7095
30941
61776
17860
40856
12757
22313
41702
32480
51076
30262
43648
11107
42585
46354
55549
24288
72205
17376
58634
22780
26909
54386
22823
10787
48155
61980
54838
38484
62757
28143
34880
29652
8189
22497
52424
44779
11435
7588
7241
29753
48437
50125
56503
30431
64254
15008
67693
8722
41027
12021
34922
68207
34155
57285
38074
70362
70669
10836
30754
60669
27362
23801
19621
51640
35407
49231
57625
60970
51005
62664
67549
20929
71805
66154
30261
14125
41916
54044
12714
58531
41713
47744
68713
20289
20860
55783
12993
63593
71164
13045
10077
31224
70487
68301
33338
41856
69867
6033
64623
48134
38142
62360
71620
11487
44915
58440
34178
68055
12717
60358
16852
60287
11160
31327
54718
36155
56299
14243
59733
72419
69036
57866
70026
49440
12849
17461
48599
22288
66968
62726
50154
28133
27519
19194
5999
32187
6097
29442
25830
24578
67106
54398
38965
65015
46970
40960
10474
72208
28534
52058
62552
16736
27746
54783
67755
35353
43925
34190
39255
38192
32393
49753
21526
17056
26416
35736
53138
48034
35628
26197
10971
16414
34958
58368
18768
13622
39376
18882
24742
70958
54739
28107
43908
55752
63718
55030
16603
45412
30180
47759
38185
11136
47655
40062
50378
10980
70375
53833
22466
23638
39582
21168
24203
64616
49004
40836
68890
53164
48285
60570
21192
45497
48088
23420
10031
10925
42424
45335
39728
45944
69236
8239
22660
15466
67613
14368
29613
38550
23172
25839
71864
16436
6098
43587
17223
66787
47181
40325
64761
25019
59269
59948
11633
69364
23019
45816
56282
37886
60086
31947
38632
38606
10977
11769
25773
43164
14777
42532
30539
28869
24248
21164
61849
64902
67223
21007
38966
25719
7372
16387
65088
49500
19388
72573
51042
58202
43654
16048
49581
53795
57198
18819
17331
66419
24141
6945
44126
66744
39184
59214
54917
28604
37816
67820
25561
70639
36987
29461
31075
17958
10689
71484
44196
26458
38119
39415
14146
54934
48429
34906
58572
33147
21842
16633
32015
68426
61996
15766
40162
69787
21223
7213
9741
38258
35358
9966
8331
45829
55894
62647
15734
53992
12204
60637
13596
43331
25215
41207
13159
68808
49707
28896
33337
28003
62310
64221
51136
29337
17370
58992
43996
27218
49234
17898
24513
71929
17377
39088
22818
67861
52916
42866
8144
13973
40852
19447
45759
45920
69140
54827
32127
67112
46545
67846
23492
10311
72860
14715
61263
35269
34655
56823
55510
71878
28466
28543
62583
10280
25367
23628
52758
69581
32072
23645
44974
10386
52439
8206
49172
20046
42405
61727
71972
56028
72469
24609
10435
48772
54681
38412
30462
34960
56650
38266
40233
47152
56629
8835
63182
32046
12559
49599
17361
56316
52922
22437
10685
8219
45587
29460
53165
35281
9932
19532
49779
8997
53847
12389
59985
39620
69597
47258
44046
50472
24516
40006
58578
33121
46488
20761
70385
38973
56995
59645
36849
39232
37140
16024
37016
15398
8469
39907
32376
16707
6905
56020
65422
64614
43284
18583
47866
56778
7661
29066
72473
52716
9310
37049
14344
41415
31895
10724
68155
63937
33359
67286
12336
14475
8117
33970
67368
49920
30479
66034
68390
16243
47686
44406
66183
9078
20305
19331
42968
68506
26441
36242
12222
28379
6683
70989
54831
50788
8481
47944
19977
38394
66082
30855
68011
41878
13635
42718
28385
32065
67408
58523
25146
65552
56663
40196
65852
29620
67771
15932
29398
35099
42582
42707
11609
32605
63568
47916
57017
10226
20173
28195
42270
23186
67895
19064
19980
64312
43250
8011
60778
24152
56743
14679
38344
51675
8704
12936
40739
54576
53420
71556
48987
51854
45952
51048
21796
52382
52529
27581
33496
31430
43825
53174
23453
61458
71271
56694
64393
40208
17479
23447
57422
32599
42730
18738
42980
17679
34897
41521
64890
28426
43948
53628
29193
52279
59797
16555
72448
13370
70891
62600
35811
28375
54173
45083
9054
70479
14574
63378
48469
43782
22221
40447
6063
72075
44211
63380
52845
16137
70314
22511
38181
37945
55934
54700
70183
35354
69466
31035
60302
46416
11679
28371
51794
53142
72590
66085
62166
51192
68869
54927
42490
68941
38666
14366
35338
8670
27280
13565
59012
32183
37057
12032
16199
52241
20710
35278
68166
28118
48765
68347
60583
21220
32820
46784
9097
54971
11172
63071
33005
46028
13898
27786
40053
36360
21940
21381
30647
24041
69719
14184
17007
11535
58858
57497
27799
48565
48848
42187
10201
37133
23236
15018
30639
36335
68171
43078
23529
26643
29919
6737
53627
69612
15919
21204
17872
54255
51925
9450
45672
21173
49249
36361
32636
35831
41487
53547
71047
39986
72178
44483
49307
30151
61312
50051
60627
19109
22355
54284
60190
28325
27331
41177
41863
57515
14354
26777
24335
9386
14050
40301
25788
9151
44318
59621
10778
23637
37810
14067
69616
21919
68718
35604
36227
30672
28136
40342
63617
38223
45755
20140
18672
34556
57522
25629
71470
48345
40578
66089
50984
68700
9706
41508
41080
53466
20231
24295
32587
6942
39630
13890
68217
64102
16597
60367
11233
68781
9648
55815
21958
59549
44945
71084
71209
62779
37222
71406
9573
17395
47588
39066
72735
15468
39604
52710
61950
32530
58054
46227
50482
26248
44960
70304
66484
16664
27516
41201
71203
47260
62739
39116
50153
35390
12973
36554
36559
14746
66299
10723
9890
5942
15658
31414
45132
14903
20892
49358
8455
68221
38538
32006
43684
52216
68974
11640
62813
28399
20018
64647
61004
14385
67094
26569
44956
70973
14796
27099
16500
38685
12429
22478
26217
61982
11333
63358
71523
34403
23290
10913
19622
24935
60278
10150
55043
43412
7892
28498
70212
58571
6730
57234
53435
63173
20465
57216
6702
17829
62690
50310
38942
49847
65063
14725
63641
52398
38441
10622
19283
66229
71693
57408
19391
19838
65668
20517
45832
12924
71041
39570
12317
48721
52709
63857
55174
59918
31312
38859
23857
63748
49187
66812
68681
39789
64586
38425
35017
44272
49858
61275
33689
66765
57521
42710
5975
46644
56302
15263
15918
58020
18036
6026
50292
60238
32890
24328
57764
37090
31529
18629
13881
48867
13102
50890
50440
24337
7373
46400
56221
42568
20108
23546
13101
12287
39935
13423
44209
16434
70495
18462
34797
66576
47012
66811
70735
49031
20857
18367
29933
71521
40582
24819
29264
15775
28298
14240
6013
42189
11120
52088
42334
66845
43732
18736
57046
51610
17971
51212
18267
44127
21949
70047
41445
13362
27577
68962
64315
51151
31143
45307
29631
55673
29872
12512
23984
22295
10072
17359
19864
19041
35383
51528
36635
53106
42810
60058
60963
15467
59589
8440
66991
16030
46914
37664
38455
54349
32141
8190
36405
24739
35530
43898
55981
32268
15909
59940
29111
9361
63994
35743
6492
30361
8667
64919
15720
62738
17189
31722
34902
18346
12014
48837
35931
34195
45689
25038
49146
70255
69599
42242
7556
60350
27560
47063
48591
68995
17202
7094
15928
56055
42449
37206
7508
55076
59110
14832
69478
63806
54432
31037
54224
16142
32696
66050
60848
62924
70423
64405
22425
71040
9606
27448
14369
17010
17002
28434
68375
43785
59072
45696
57934
25275
31118
60290
49201
12479
25822
69556
6350
27952
10518
31704
59509
13354
16898
39134
61024
40194
36836
68994
11753
41367
26063
61821
41470
57469
7380
71650
44415
9654
67291
70483
37186
26131
61622
36203
31957
21914
38305
33829
54172
70320
61494
44237
8246
31691
62554
53109
41672
62444
44244
37397
39425
59874
48371
26308
21735
63975
12388
56498
6251
38442
17222
52535
21794
28846
38330
49355
68515
27802
64851
34188
26748
68815
65189
67158
52740
40463
19756
27328
71492
37851
50958
23125
53016
7451
11590
67007
38751
36636
25706
58013
31658
58499
28973
16240
36780
59708
25745
67328
50806
63869
44120
34177
51013
35632
67963
61482
24340
13914
38910
34266
51020
24198
28235
6528
24452
40651
71692
31870
62358
70235
12267
38104
9379
71430
65794
58067
51650
9716
21697
55658
49057
26079
33373
51214
52273
38314
59855
34952
9165
54996
7413
44044
64141
13963
55227
69874
36174
40349
36653
60530
23965
64688
69577
10230
31615
37706
44225
62885
24870
38781
38756
28047
28221
34028
58469
12369
66762
27859
21979
46651
71485
29039
61474
28299
34693
27229
72765
47133
50210
39876
64266
68672
47599
58248
49406
72182
21676
53978
52137
54864
36670
49604
16473
67041
17433
31147
61159
25814
17542
42517
29249
62101
32477
22287
27484
60931
9799
6693
63059
29910
60179
64853
11007
25454
55216
28054
14639
42266
48771
68049
68290
71217
68348
41769
11498
55019
72690
18230
26171
59785
10418
14822
65657
35117
51853
69320
34113
24061
32661
19510
48163
14700
66133
11222
15614
59016
9313
53867
61617
65068
53924
20760
72355
54285
59114
32528
40924
8407
59200
28182
30132
43044
36718
37523
11944
60158
12586
43868
12253
27165
30527
12804
62714
59522
9870
6756
69253
25200
68870
52814
60483
46954
34390
46328
21396
5939
71037
29348
67448
72233
20316
58986
72871
19698
57930
57984
11363
65750
68457
57560
36848
16405
31391
19653
48608
50985
59438
33545
14884
35681
71214
29403
7985
27187
23810
43722
46692
22055
12050
59118
34774
66402
36508
26625
44259
36138
70141
28451
28695
12699
51563
23871
63805
47771
6439
47085
59150
17725
67837
40825
29025
69002
52564
50887
65404
26556
25007
29260
68161
25128
56960
30429
60315
36168
63552
34140
70123
37627
34409
29354
65045
69506
20178
35982
10639
20765
18131
16133
59268
29859
21280
19901
15694
23059
72072
72661
69400
21931
66903
49993
36838
15402
8343
66097
72449
24195
71414
16271
35078
64365
46673
36303
52629
70093
14218
56712
67179
14977
16201
24991
56687
58310
57675
40712
68497
55207
71783
60455
53323
58295
26562
39920
50443
42222
72643
68075
27954
63174
54192
61923
24697
53246
59048
11307
55133
59423
71700
10064
62950
59658
11246
25350
48495
68243
57552
68953
14739
19500
59575
7433
65413
39100
45421
47370
60045
70023
17833
15279
68522
72268
49125
70562
45334
16409
12180
57247
42861
39625
10637
8459
18184
12942
23627
66919
22455
49508
17678
69222
69327
66768
32633
50477
9869
30903
44844
10568
71310
32222
26875
35573
66023
12716
58040
20930
54978
64793
10623
46813
26303
11673
51308
51432
57647
29327
64791
33820
58827
47988
35034
50462
22875
29841
36918
62609
64991
42732
24387
52095
65145
18291
12278
65488
40082
57779
70453
34471
52268
62168
17123
67418
6790
54977
6300
71362
55115
32120
16821
33101
48980
32691
45666
22925
64536
55546
71464
59876
21955
59405
52656
35235
45397
37719
20675
49190
9231
23158
71987
15953
57252
32126
62851
62677
43306
25509
51764
13465
61316
45382
38228
66313
71000
15115
20530
49124
39704
67866
47432
69105
70260
58907
72852
38891
24887
42887
51906
20378
11467
43073
36030
40980
59386
10791
34613
14237
23205
41037
21095
29091
24179
71970
9060
7568
30166
53371
31542
59569
17351
67562
10227
61023
57009
62845
13577
9613
23671
20609
52699
47028
40974
20288
39074
10515
65365
13230
6337
54413
40934
40052
63855
44322
64983
40606
64538
33395
8522
13862
11794
22388
54534
45364
43402
29204
35731
9376
56147
61381
8048
63126
38060
45774
41078
34277
18322
56045
45699
47479
42430
35724
14743
6743
33111
40599
32363
14253
14246
13792
15392
45968
6957
70841
21752
59788
31368
63164
48957
38873
23416
46865
50938
61906
57791
11527
24483
48068
55072
72394
34073
51644
29247
37720
34589
58551
60369
21892
22845
19330
25286
51415
20061
67569
26413
42918
48374
37458
32789
38573
70328
44893
7932
59212
63929
6415
69294
65316
52454
41039
28377
65411
54893
15831
46650
10475
27049
27777
17871
63419
6757
59806
65231
25465
61505
66416
71978
32017
14481
34319
16477
45507
8782
50338
44725
69241
39772
6490
11522
6284
11765
22855
47936
25700
54472
16384
21852
51251
51702
24175
8571
50733
61436
45091
55684
7548
23653
23773
25161
70478
43777
61601
22796
23784
31416
6869
69394
53841
68519
30176
23364
13223
10279
61750
70549
19001
21906
7668
67034
28826
71069
13903
68891
60112
7785
6623
16652
45807
49436
55918
51070
19487
40060
27605
41677
19043
57376
53239
11085
58834
53694
43221
33008
18060
38583
65467
35956
12563
43607
30273
33610
45776
43615
19709
19448
12378
34735
7914
8304
57272
46065
28203
46815
32892
43389
22481
38543
71701
32056
35847
48243
48988
47387
23140
26061
17957
11001
29529
56150
27271
30138
51888
46345
33308
47477
40369
28926
20780
11282
45841
30875
17090
16528
42501
29308
68235
20745
21006
36502
20907
41015
16653
10987
52586
39173
24433
26204
49825
66829
60251
45028
35827
31774
16317
17949
22223
64335
33134
48496
11208
64034
11140
71063
71981
53518
70963
12423
63240
39933
41468
23770
51437
46240
17811
9406
61152
14734
45467
18416
71366
36341
49420
63389
10465
11285
31840
61782
46896
31833
41913
24486
34048
8370
10619
42302
53398
41869
17286
18897
20617
9601
38644
65675
11585
43281
42480
31103
65405
54990
27012
42513
59966
51263
18395
40988
47834
63655
13107
55606
16210
42857
36545
17416
33851
30511
48883
28206
7397
71072
17431
47709
54057
55831
72632
54032
13967
18111
63400
25132
49210
19216
37844
43957
60514
6709
70069
60004
51092
36133
18675
65564
49497
7226
12890
17313
27197
12022
50909
47955
14756
33791
61219
46007
27595
53355
71238
8898
26465
40662
21550
17814
38932
63763
42088
35645
40291
46733
32501
58757
65299
68986
61050
53624
66596
46754
60014
8518
66274
38310
67439
57681
53820
19256
59013
64425
67941
32262
64043
31546
57805
32495
33091
61700
33713
6820
20209
19131
60697
51127
40222
29018
48891
43225
62105
69966
67595
66351
31783
12274
19050
41648
39281
68726
69431
14969
70906
62877
11678
34304
18961
44904
64878
14991
22658
43766
34222
23996
19136
57405
22770
51235
56549
72605
28763
36217
31119
6480
29725
42489
42421
17293
25151
33554
7855
46794
15144
52697
59283
65733
58367
12245
55780
65350
15380
31557
37314
8756
21009
46822
30278
46810
55872
56646
52705
44447
13732
28520
39048
60989
25023
54776
10375
68956
37499
13787
43728
20905
61035
62756
28461
12095
20246
29553
35355
43659
62155
56759
63939
63697
27482
62131
24354
22468
10676
19824
21292
15673
13819
49855
33598
35368
14763
24071
43474
7225
49591
41262
44985
70971
24139
34883
30601
55526
26752
28305
22754
22254
44330
18282
44512
60870
67457
65606
47788
31551
13947
28086
56720
16935
66073
46246
18261
8775
10975
46785
70999
21728
66752
65776
14139
10267
22057
70769
71472
6603
41639
37413
24600
26095
33722
16855
47572
63194
27779
50787
37691
65858
16607
38645
54902
14926
11864
10606
53696
13426
51413
26859
11134
44817
8064
56789
39652
63936
49301
40707
41832
29388
47523
28261
19098
23112
43421
8696
8527
52299
6021
37968
62215
33896
52464
60340
24099
19113
66832
18262
19842
28890
63599
55287
56217
19409
42241
17213
36442
64975
14171
27111
34986
57932
11215
14212
34373
33414
52082
62337
63889
28592
70148
12889
6708
13414
46296
71142
72000
18053
28435
23528
68549
43398
30446
37941
51460
72376
65114
64060
29673
47124
34187
39859
45931
33065
52328
39331
13822
53166
72390
72594
47046
30331
19062
55213
7605
8556
9907
6846
13921
16082
54991
68244
65516
30050
40066
57418
22190
54987
72694
27248
51376
31741
47125
32143
13816
19802
18257
37387
40659
42182
14938
63704
64532
55501
55194
47005
54134
49810
27845
45930
24754
25986
70287
20057
61976
31314
49394
6136
36928
23897
64847
24148
16478
27106
15700
72713
39672
50113
41706
37052
59046
69839
21113
11229
16045
22107
10513
31513
69495
34446
8452
34601
68345
54384
17631
37960
25949
67651
19504
54600
33540
53612
36208
20294
34893
28870
21486
26939
38578
32699
53159
13453
27654
51029
45947
12371
58150
18723
45673
24845
21187
29660
41336
41036
45991
10959
55828
48073
65935
61179
33938
9655
39714
22146
22568
42013
72805
51421
52684
27441
64613
40569
45024
14760
28189
46248
8199
53015
21158
24283
8149
15886
57083
68437
47961
40403
32474
37156
42058
23733
37892
18112
63787
16989
66721
40761
33287
40113
26895
68368
48722
30221
56782
71822
50784
26969
43503
49586
38487
41924
27851
8377
66661
6269
7293
45690
67766
33162
69790
61278
72692
25271
35691
16364
68839
47146
17126
13216
26555
20571
15385
7825
7466
51335
15756
8853
66933
11764
60025
9888
42201
65730
55591
21419
56017
8030
64736
51424
63795
31904
24189
15550
41202
56070
10653
61549
46981
17623
53643
54578
47540
67680
63263
28654
28979
20722
9985
20234
43086
9847
64938
71790
45969
22591
19722
72189
43170
34582
60087
23988
12181
68631
69959
17014
20045
23475
33684
18885
39758
63533
65330
24685
61999
49672
43014
45663
55996
70632
49009
70454
25280
37885
52583
7767
47199
59731
39532
6593
67171
70525
59581
25513
54157
49047
21687
20769
36976
44065
45734
72693
66636
37110
39584
26630
56050
51594
16776
60157
31359
39596
64406
52555
62070
35962
31336
43847
66087
14457
14120
40028
19889
59402
23222
18566
47453
7272
67077
27715
34467
23997
21428
50542
72819
21236
42746
72195
22411
31249
62151
6438
60799
30310
17737
58122
71638
30134
32965
6877
44544
44515
19293
71655
48141
72056
22760
23567
22047
31584
69497
46462
30320
42169
53765
37712
50176
18643
23558
70777
50872
37138
17920
62192
11411
47928
26821
43543
51153
54270
38502
37996
52976
68059
70394
19586
61960
40793
7296
24548
62203
33695
54461
64512
25265
24590
10868
41513
41663
58204
68416
66684
21341
68210
63243
70144
7211
14558
54294
41919
29998
10238
9572
66887
47232
42387
17332
38850
36113
29736
51521
64556
26678
59914
51519
45631
67499
46124
71448
26003
19564
28418
45916
71879
53210
58264
66224
67701
67009
61379
65527
58268
49529
18833
17994
61521
15942
64024
19489
61266
70128
72232
21522
35570
70292
68578
8961
60786
71432
26664
15729
12128
63470
32479
20628
12930
66888
9041
37565
56998
66151
67076
58442
54084
52345
5888
66030
37568
60273
34943
42989
26809
71313
39635
37093
53265
7109
11870
33649
66641
58476
61932
37305
37483
47960
44644
25034
28821
61707
49361
20141
16120
27479
16037
62277
68462
36894
65957
62396
7302
27386
58792
68621
17740
54101
58714
19805
54961
59527
57430
33641
12117
33473
7972
44501
31221
68397
9133
70379
48890
8019
56455
69934
39840
59628
51266
25066
34562
66956
33216
45349
54377
52035
66448
71695
51810
10510
39777
10345
57722
11967
47284
29922
65249
9273
53300
47098
62978
57918
16904
23663
52638
48596
8533
37963
19853
38087
18590
61307
55771
28791
46468
9125
51715
71800
13502
41880
55878
64874
71383
70162
16469
6216
44696
48906
23040
67610
65403
9307
15388
16527
11593
