5
13
26
32
54
57
65
67
84
100
112
113
128
137
150
195
196
243
247
251
254
270
271
275
294
311
314
326
328
371
385
399
405
409
442
449
485
490
493
509
519
524
529
530
549
585
603
622
638
641
649
652
672
685
686
687
692
697
730
783
789
814
824
834
843
873
883
892
904
911
918
935
948
949
954
957
963
964
969
990
1001
1003
1009
1031
1035
1052
1072
1075
1079
1082
1095
1103
1107
1115
1118
1126
1156
1174
1224
1228
1238
1245
1254
1278
1285
1291
1303
1307
1310
1312
1314
1325
1331
1335
1340
1350
1352
1360
1371
1391
1406
1412
1417
1419
1427
1431
1435
1444
1448
1463
1477
1484
1495
1513
1526
1531
1534
1551
1565
1593
1596
1603
1620
1629
1643
1665
1667
1674
1692
1693
1703
1704
1710
1717
1756
1786
1806
1810
1814
1816
1817
1819
1820
1823
1832
1842
1846
1854
1857
1862
1871
1873
1886
1897
1903
1915
1929
1937
1944
1961
1968
2002
2006
2039
2040
2043
2055
2062
2065
2069
2112
2123
2126
2127
2161
2166
2177
2182
2188
2190
2191
2196
2202
2223
2236
2254
2272
2276
2289
2312
2325
2330
2331
2332
2349
2358
2364
2369
2387
2390
2398
2406
2429
2437
2439
2455
2457
2460
2462
2466
2486
2487
2488
2490
2513
2527
2562
2568
2569
2577
2583
2588
2604
2651
2661
2662
2665
2730
2788
2821
2840
2850
2852
2854
2856
2864
2867
2870
2873
2893
2895
2896
2901
2922
2923
2930
2932
2933
2947
3018
3029
3041
3043
3046
3050
3052
3064
3076
3108
3113
3120
3122
3139
3145
3197
3198
3212
3214
3219
3223
3231
3244
3250
3251
3252
3261
3269
3291
3302
3304
3313
3317
3323
3330
3363
3406
3409
3440
3455
3461
3466
3467
3471
3474
3475
3477
3478
3480
3481
3495
3508
3509
3511
3517
3531
3536
3540
3545
3556
3571
3572
3594
3606
3616
3618
3634
3641
3646
3658
3661
3689
3701
3708
3731
3741
3746
3774
3780
3789
3796
3803
3804
3809
3819
3821
3824
3828
3838
3849
3858
3863
3893
3896
3903
3904
3911
3917
3918
3919
3927
3943
3950
3982
3985
3995
4005
4008
4009
4013
4028
4038
4063
4065
4100
4112
4146
4157
4163
4172
4183
4184
4187
4191
4194
4244
4247
4256
4276
4306
4307
4314
4315
4316
4330
4367
4376
4386
4390
4401
4419
4424
4439
4442
4471
4472
4475
4487
4491
4494
4502
4523
4526
4531
4544
4561
4566
4595
4604
4607
4608
4609
4614
4622
4625
4666
4668
4687
4702
4707
4720
4725
4752
4755
4761
4780
4781
4787
4791
4794
4805
4807
4812
4835
4848
4867
4879
4895
4910
4921
4934
4938
4954
4956
4962
4964
4970
4984
4988
5013
5022
5023
5036
5042
5063
5072
5083
5084
5090
5103
5111
5130
5148
5152
5169
5174
5176
5177
5181
5211
5215
5222
5226
5233
5238
5244
5249
5262
5269
5274
5278
5280
5287
5291
5292
5295
5296
5308
5315
5318
5341
5356
5358
5371
5380
5402
5405
5418
5436
5437
5439
5443
5447
5469
5490
5504
5509
5518
5521
5548
5556
5559
5584
5585
5614
5617
5627
5631
5651
5665
5671
5678
5683
5700
5702
5704
5724
5728
5733
5752
5759
5772
5780
5783
5810
5815
5817
5818
5820
5823
5834
5841
5850
3296
4297
2538
3617
4096
4575
1289
5681
939
4573
2871
1759
434
4036
5837
4763
3957
982
1512
4122
73
3381
1110
1398
2336
3953
3608
5784
1071
3767
1493
2446
3629
53
4933
739
5230
2453
3206
3562
508
3778
1296
2294
2008
4145
3355
5703
2666
5390
2227
1168
1584
3682
3529
3590
1818
5003
3619
5498
4684
938
5705
2990
677
3857
5217
5644
1901
5126
5377
4170
2711
5204
2030
5605
5472
5384
5119
2256
3422
699
141
1489
1734
611
2215
1746
5600
1601
4142
830
2962
849
5400
5695
1792
4101
4714
1200
3264
5241
535
1446
4717
5343
2283
1206
1273
107
504
2136
5602
995
1190
3964
4383
2845
4778
895
2052
2129
2261
51
1202
858
2615
4904
3310
2467
5016
2727
3270
4676
2779
2652
4816
167
1671
2650
1801
1888
4075
4445
2023
881
4393
695
3441
4324
3878
3034
1695
2606
3189
4858
1415
2959
4399
2993
4907
3823
5851
1255
3627
5632
121
705
2713
4624
1159
5394
4379
349
1005
2086
1616
5508
1047
4397
2222
3224
576
4772
3146
2835
2709
4331
5229
2648
5583
703
204
1076
4010
5711
5045
4524
2095
5692
1395
2296
4741
2694
1781
1313
1065
4517
580
5478
4167
2320
1535
4389
1571
2843
5568
1479
4185
5007
3513
2686
4277
4918
565
2111
2477
2776
5273
4503
631
4978
4892
874
154
5839
790
4861
2738
851
2733
2536
3510
4557
1058
955
945
4074
4882
4770
1179
625
3709
3687
1521
5057
4924
3348
1735
2443
2379
3525
556
1807
2009
5029
462
1600
381
2018
4416
3755
5025
3794
1791
5355
1745
752
595
377
2408
5438
1164
5075
4748
2812
4688
1487
2924
1850
709
1326
533
5664
2806
5369
5201
1241
1966
4522
4332
5138
3106
4562
1338
4436
2928
3256
4201
402
82
5004
1002
3004
3921
5741
1263
2079
155
5827
1027
3812
1420
662
2862
2149
2633
1481
4159
3226
2953
532
109
2716
3443
5801
1851
1582
147
4237
3947
168
2169
5561
1172
1337
3660
3049
4690
1080
4828
1757
5386
426
5345
984
3762
5033
463
2250
4637
2064
717
3676
3720
510
912
5378
1131
1541
5431
5807
745
766
5329
4661
3836
5154
3423
1440
2234
166
4144
2635
3516
2365
642
4727
175
5062
297
4724
2505
1562
74
4029
61
2361
1382
2729
1256
5225
4257
4456
2714
882
1953
5223
4750
2921
3956
2503
2507
1140
4693
3954
5192
5307
3810
1219
893
4768
2265
4957
5270
5267
4318
2903
1935
3384
2393
5253
770
5575
173
3340
1456
3102
975
3069
3307
4469
1018
650
3733
4312
5283
60
5707
103
5502
5323
2344
2717
4852
5507
4898
4999
5477
4664
5155
5368
5432
5245
1632
4902
4051
471
818
5501
3974
3154
2797
2728
2793
2872
354
2771
5425
1392
318
1869
1091
2063
3066
5462
2683
3765
4222
719
9
3071
2204
2721
1577
2514
2132
3335
3424
3425
3326
855
5428
3912
448
1837
521
4819
876
669
117
1628
620
2244
4473
2915
1295
2193
5444
663
4916
837
1586
5586
1520
4923
1083
2587
794
2324
5234
2715
4646
1505
5470
1473
1637
1094
5486
3178
1227
839
3544
2823
5510
5333
4239
5581
3751
4708
932
4512
3032
445
2838
4066
307
2068
487
2555
1570
2145
